/*--------------------------------*- C++ -*----------------------------------*\
  =========                 |
  \\      /  F ield         | OpenFOAM: The Open Source CFD Toolbox
   \\    /   O peration     | Website:  https://openfoam.org
    \\  /    A nd           | Version:  11
     \\/     M anipulation  |
\*---------------------------------------------------------------------------*/
FoamFile
{
    format      ascii;
    class       volScalarField;
    location    "14.2";
    object      p;
}
// * * * * * * * * * * * * * * * * * * * * * * * * * * * * * * * * * * * * * //

dimensions      [0 2 -2 0 0 0 0];

internalField   nonuniform List<scalar> 
4455
(
142.03091
142.12931
142.32488
142.64077
143.05474
143.63512
144.30725
145.59824
145.96855
141.98061
142.09144
142.3053
142.63289
143.08315
143.69514
144.50145
145.78401
146.6841
141.87797
142.01223
142.24855
142.59626
143.06683
143.71147
144.54676
145.93094
146.92278
141.72751
141.89412
142.15697
142.52607
143.01286
143.69666
144.58627
146.06998
147.28282
141.53894
141.74078
142.03239
142.42268
142.92827
143.6498
144.61492
146.21228
147.72805
141.31979
141.55818
141.87813
142.28746
142.81624
143.57921
144.61167
146.35035
148.15605
141.07786
141.3521
141.69855
142.12391
142.67236
143.4753
144.57314
146.47807
148.61069
140.8231
141.12798
141.49792
141.93686
142.50259
143.34275
144.49565
146.58061
149.06948
140.5641
140.89208
141.27994
141.73079
142.3104
143.1872
144.39476
146.65943
149.54665
140.30793
140.06186
139.83418
139.62903
139.4492
139.29702
139.17519
139.08587
139.03309
140.64977
140.40534
140.16588
139.936
139.72035
139.52282
139.34655
139.19402
139.06486
141.04729
140.80213
140.55314
140.30438
140.05973
139.82307
139.59693
139.38382
139.18281
141.5038
141.25521
140.99727
140.73329
140.4648
140.19554
139.92886
139.66866
139.41088
142.09378
141.84833
141.58978
141.32023
141.03844
140.74892
140.45683
140.17068
139.88414
143.00664
142.78696
142.54212
142.27463
141.97903
141.66392
141.33204
140.99574
140.65322
144.27559
144.12776
143.95193
143.73645
143.4554
143.12804
142.76524
142.3896
142.00744
146.73982
146.71873
146.57629
146.32309
145.9635
145.53562
145.06014
144.55076
144.00081
150.16453
150.62984
150.52554
149.96507
149.13557
148.18187
147.18255
146.16853
145.14966
139.0277
139.00825
138.96572
138.91072
138.83977
138.75849
138.65717
138.54373
138.40694
138.98634
138.91159
138.81939
138.70986
138.58244
138.43811
138.27579
138.09543
137.89506
139.05053
138.95016
138.84559
138.73154
138.604
138.46094
138.30101
138.12377
137.92836
139.22267
139.09344
138.97084
138.84132
138.6967
138.53388
138.35137
138.14931
137.92766
139.66317
139.52674
139.41157
139.29229
139.15474
138.99539
138.81373
138.61148
138.39053
140.37243
140.20489
140.06923
139.92733
139.76253
139.57092
139.35271
139.11289
138.8579
141.69537
141.50998
141.35873
141.18796
140.98338
140.74615
140.48167
140.19795
139.90644
143.49095
143.04197
142.59118
142.11912
141.62201
141.10383
140.57472
140.04833
139.55345
144.24366
143.43148
142.62082
141.82798
141.0598
140.31274
139.60062
138.93229
138.33418
137.92366
137.53312
137.41668
137.64403
138.17626
138.90357
139.71363
140.57157
141.46263
139.13669
138.79114
138.50747
138.29422
138.15498
138.09408
138.1124
138.24132
138.43459
139.62961
139.37564
139.13373
138.90948
138.70647
138.5286
138.37736
138.25488
138.16186
138.59798
138.34373
138.087
137.82892
137.57028
137.3122
137.05557
136.8023
136.55331
138.1587
137.92193
137.67442
137.41649
137.14736
136.86727
136.5756
136.27311
135.95947
137.69049
137.43991
137.17195
136.88687
136.58432
136.26402
135.92506
135.56729
135.18959
137.71678
137.48901
137.24182
136.97454
136.68628
136.37616
136.04282
135.68533
135.302
137.6755
137.43515
137.17378
136.89095
136.58684
136.25853
135.90526
135.52322
135.11232
138.23396
138.02433
137.80294
137.56811
137.31841
137.04359
136.74091
136.40502
136.03643
135.63147
135.19088
134.71021
134.19002
133.62359
133.01175
132.34565
131.6263
130.84301
134.66937
134.19457
133.68437
133.13912
132.55403
131.92934
131.25871
130.54186
129.77102
134.89209
134.4535
133.98557
133.48544
132.95236
132.38222
131.774
131.122
130.42508
134.7921
134.37329
133.93339
133.46989
132.98288
132.46823
131.92572
131.34908
130.73773
135.63572
135.30105
134.95648
134.59965
134.23133
133.84665
133.44597
133.02164
132.57365
136.31071
136.07486
135.84714
135.62556
135.41077
135.19671
134.98313
134.76002
134.52671
138.10021
138.06868
138.06811
138.09334
138.1441
138.21078
138.29253
138.37778
138.46464
138.70252
139.02989
139.41593
139.85037
140.33092
140.84822
141.39938
141.97382
142.56805
142.37993
143.31802
144.28041
145.26532
146.28214
147.32614
148.40575
149.514
150.6495
151.80432
143.16794
138.53952
134.27015
132.09168
130.0831
129.67588
128.94667
129.99687
152.97997
143.76899
138.59827
133.98934
131.57539
129.38424
128.87296
128.05906
129.0749
154.16705
144.34978
138.62933
133.66826
131.01183
128.63012
128.00712
127.10824
128.0785
155.36059
144.90428
138.62386
133.30429
130.4003
127.81944
127.07675
126.08239
126.99217
156.53462
145.39984
138.56431
132.87736
129.7251
126.93888
126.07101
124.9822
125.81768
157.67641
145.8284
138.43728
132.38225
128.9849
125.98691
124.98806
123.79217
124.53906
158.68557
146.1415
138.2201
131.80429
128.16109
124.94856
123.81503
122.51195
123.15888
159.52378
146.3282
137.89344
131.13191
127.24946
123.8226
122.54911
121.13257
121.66871
159.9658
146.2843
137.41667
130.34167
126.22775
122.59326
121.17196
119.65346
120.08199
118.40957
118.06464
119.65924
121.23617
125.04601
129.38033
136.71403
145.95126
159.92409
116.70866
116.35606
117.97984
119.7239
123.62436
128.12458
135.50549
144.6395
157.05616
114.76554
114.51074
116.1458
118.05056
121.98039
126.5902
133.89161
142.87265
154.55427
112.55974
112.51537
114.15703
116.21733
120.14331
124.84558
132.06273
140.95046
152.28573
110.06407
110.35374
112.01231
114.22594
118.15514
122.9574
130.1114
138.95409
149.96806
107.41547
108.02975
109.70802
112.08763
116.02525
120.93717
128.04892
136.84405
147.53485
104.57983
105.53715
107.23891
109.79381
113.75235
118.77332
125.85293
134.60625
145.00614
101.59327
102.88332
104.5992
107.34795
111.32743
116.45423
123.51099
132.21909
142.47251
98.380551
100.06461
101.77978
104.73708
108.74114
113.9704
121.01218
129.70701
139.91385
137.32495
127.05332
118.3615
111.31991
105.98439
101.97328
98.77794
97.082076
94.976527
134.69244
124.28432
115.55965
108.50268
103.05274
99.044978
95.580418
93.926778
91.33163
132.01799
121.37491
112.61258
105.53063
99.946731
95.958228
92.20604
90.602796
87.49468
129.28135
118.34186
109.5186
102.40265
96.66726
92.696876
88.637704
87.096249
83.426338
126.48634
115.15118
106.28293
99.120032
93.220987
89.268878
84.906488
83.423499
79.176018
123.59649
111.82449
102.9024
95.682457
89.611228
85.66858
80.991637
79.570302
74.707136
120.60891
108.32316
99.38809
92.087627
85.847658
81.913596
76.931618
75.562713
70.077985
117.4888
104.68312
95.738077
88.336921
81.934368
77.985866
72.706267
71.385527
65.264407
114.2356
100.85724
91.958949
84.430896
77.882029
73.911852
68.366789
67.069382
60.375791
55.49861
62.56855
63.846112
69.577875
73.576447
80.216036
87.848699
96.607416
110.47842
50.715197
57.892739
59.195208
64.981551
68.98496
75.617441
83.33659
91.692828
105.92759
45.777979
53.089198
54.450614
60.208854
64.262263
70.830481
78.671387
86.682779
100.95421
40.754648
48.201951
49.684958
55.311642
59.431122
65.908647
73.922528
81.565776
95.602822
35.615099
43.227709
44.881217
50.318397
54.520846
60.88424
69.113319
76.525468
89.697093
30.584859
38.22071
40.087608
45.294112
49.539478
55.774664
64.281052
71.561044
83.084566
25.678927
33.218044
35.295938
40.267504
44.519077
50.578683
59.4341
67.000198
75.415731
21.097462
28.303538
30.571723
35.298081
39.500814
45.308015
54.575055
62.956258
66.548388
16.038814
23.55032
25.926222
30.414339
34.563927
40.008177
49.716668
59.863337
56.922668
11.12536
19.01589
21.363391
25.633436
29.645905
34.663827
44.340094
57.993719
50.140466
7.139504
14.803264
16.956283
21.01566
25.076427
30.048614
40.149587
57.382217
47.170873
3.9842022
10.790941
12.805073
16.592561
20.804249
26.094679
37.291282
56.247249
49.601457
1.2492395
6.9817065
8.905425
12.085276
16.484253
21.771763
34.604591
54.174833
60.269646
-1.1417614
3.3460816
5.2093779
7.3859527
11.949319
16.959315
31.859313
50.129447
56.328423
-3.1359856
-0.093056059
1.745156
2.4674206
7.2263061
11.7796
28.740764
47.586762
53.753343
-4.6498982
-3.3558167
-1.4973034
-2.5668583
2.3125722
6.3584489
25.92643
47.734024
53.590337
-5.6335209
-6.4314248
-4.4897042
-7.6432569
-2.8015112
0.96144823
23.68624
44.34293
51.291008
-6.0823817
-9.2747352
-7.28628
-12.649842
-8.1467816
-5.0362594
21.776055
42.676947
50.848958
50.57606
41.82775
20.276545
-9.6754739
-13.306134
-17.290122
-9.7428894
-11.721838
-6.0100002
50.391319
41.398473
17.115344
-14.337903
-18.188398
-21.459718
-11.926902
-13.716226
-5.5026707
49.982689
40.061883
13.957755
-18.999255
-23.216346
-25.43313
-13.801124
-15.248806
-4.5501346
49.327549
38.11071
10.54571
-23.570483
-28.326247
-29.18789
-15.412825
-16.341743
-3.090373
48.528112
36.56896
6.7937379
-28.075195
-33.470865
-32.692578
-16.700759
-16.982442
-1.2045511
47.61916
34.958003
2.8765698
-32.411139
-38.565728
-35.912617
-17.730956
-17.188086
1.1100104
46.773843
33.589208
-0.67959849
-36.78639
-43.606675
-38.787899
-18.43673
-16.927909
3.7620022
45.475908
32.118837
-3.9040189
-41.111295
-48.456089
-41.242695
-18.869318
-16.191405
6.7421051
44.741179
31.530386
-6.7722332
-46.001754
-53.91445
-43.235263
-18.965893
-14.901561
10.30256
43.954395
28.323424
-11.897648
-53.464011
-61.294047
-45.298752
-18.467932
-11.721176
16.832836
41.905901
20.425127
-29.64425
-69.540128
-70.469214
-45.449664
-15.39701
-5.0328662
26.503094
40.285087
12.149893
-39.116962
-83.620076
-76.547556
-42.83423
-10.251192
3.6909053
36.691415
39.319991
2.6925383
-56.847331
-97.254841
-79.492508
-37.422585
-3.1003116
13.919229
46.754139
36.242367
-7.0269303
-67.326938
-108.64334
-78.879877
-29.721004
5.0096996
24.900125
56.287167
31.546082
-16.815407
-83.999123
-118.82358
-75.074592
-19.861927
14.00053
36.253837
64.645561
26.277627
-26.378964
-93.820788
-125.28336
-68.097338
-8.7175691
23.076223
47.388524
71.8006
20.851597
-35.751673
-108.46773
-128.60459
-58.530548
3.434805
32.200203
58.104849
77.525658
15.547392
-46.630135
-116.202
-124.80924
-46.426724
15.20026
40.679063
67.774176
81.820753
21.879731
-29.606219
-110.1547
-129.17321
-50.397125
27.325116
56.076746
83.28197
110.21661
21.847636
-29.566359
-109.12555
-129.73435
-52.81037
25.815983
56.067654
81.276568
108.51267
21.685209
-29.668479
-109.26263
-130.75104
-55.297671
23.547977
55.560474
79.102194
107.16638
21.411586
-30.218504
-110.51826
-132.5501
-59.310197
20.655292
55.18277
76.65174
105.1854
21.116117
-30.599206
-112.69693
-134.25493
-63.233121
17.898513
53.934137
74.456642
103.88512
20.75234
-31.496392
-115.81335
-135.52509
-67.211191
15.371004
52.55056
72.39918
102.39049
20.408815
-32.261038
-118.09975
-139.81477
-70.84415
13.285177
50.68526
70.567015
101.39195
19.991786
-33.30356
-121.00114
-142.55546
-73.643259
11.853652
48.944208
69.063614
100.39808
19.66748
-34.474858
-123.73464
-146.29032
-76.926036
11.059767
47.065232
69.065672
98.535315
14.271494
-52.582051
-128.64336
-129.70546
-37.523115
17.29016
41.175673
68.664403
82.102594
19.932589
-41.166185
-120.4642
-135.13279
-51.281036
6.2014042
32.978322
59.044527
77.923084
25.668935
-30.858639
-104.95412
-132.8281
-62.673607
-5.5956161
24.173353
48.401403
72.318773
31.16185
-20.509116
-94.430801
-127.24786
-71.476057
-16.814682
15.353117
37.382697
65.290187
35.983009
-9.8902509
-76.774336
-117.50768
-77.042518
-27.140902
6.5532421
26.124631
57.057204
39.030875
0.78360599
-65.276632
-106.26164
-79.318602
-35.506331
-1.573888
15.221325
47.64305
40.119565
10.98144
-46.298784
-92.173876
-77.830743
-41.736265
-8.9553658
4.9481875
37.674285
41.981432
19.955322
-35.888062
-77.646818
-72.873349
-45.143592
-14.466616
-3.9113799
27.528831
44.209096
28.277198
-16.50602
-60.534197
-64.421263
-45.70861
-17.977642
-10.853671
17.822705
-6.0101332
-12.337107
-10.705938
-19.202059
-16.138005
-14.0101
18.622514
42.95107
51.439809
-5.37368
-14.193957
-12.791402
-23.340169
-21.16054
-18.944508
15.186374
42.296141
51.185325
-4.2825867
-15.575418
-14.545492
-27.245869
-26.314485
-23.899016
11.72446
40.7337
50.618559
-2.6886269
-16.512015
-16.022222
-30.904354
-31.526045
-28.778998
7.9380303
38.822462
49.864017
-0.68085173
-16.993472
-17.164437
-34.286041
-36.746359
-33.581616
3.8817998
37.163936
48.986389
1.7435453
-17.038643
-18.041358
-37.359203
-41.893975
-38.20617
-0.30234718
35.496652
47.995216
4.4911666
-16.617622
-18.587081
-40.061479
-46.957613
-42.910957
-4.0832992
34.053435
47.15656
7.5528339
-15.722134
-18.85036
-42.317323
-51.799154
-47.528878
-7.6345452
32.532623
45.742775
11.187371
-14.277029
-18.777009
-44.074935
-57.25321
-52.733329
-10.732887
31.922069
44.936758
51.764409
43.579291
20.419029
-9.063105
-10.818085
-14.562382
-8.3273034
-10.009642
-6.1964791
52.210635
45.032512
22.475896
-2.7075371
-5.3074009
-9.531789
-5.5989338
-7.2610901
-5.8806007
54.549915
48.382718
24.856868
3.0297255
-0.044115444
-4.4156184
-2.6713063
-4.2583837
-5.0372331
54.805059
48.101233
27.717853
8.7798258
5.0085674
0.67452696
0.5115008
-1.0563445
-3.6584484
57.059475
50.459572
30.822841
14.27616
9.8639902
5.6616306
3.9311153
2.3264387
-1.7866058
61.135026
54.384849
33.600105
19.393403
14.526872
10.43887
7.6022342
5.9126545
0.49864842
50.635267
56.294564
36.292744
23.989901
18.97253
15.016765
11.501059
9.6863753
3.1445765
48.095235
57.245696
39.091929
28.139372
23.368348
19.511385
15.665396
13.674276
6.228882
50.934063
57.763045
43.305594
32.963954
28.062865
24.195444
20.09086
17.873259
10.157568
54.649146
61.763477
63.078075
68.869824
73.014905
79.868312
87.798517
96.708724
110.5749
49.815505
57.027586
58.359189
64.196178
68.33894
75.200411
83.264173
91.810948
106.06433
44.831577
52.163693
53.543977
59.340905
63.518646
70.327345
78.560793
86.819622
101.14529
39.772707
47.219411
48.706686
54.355846
58.582146
65.3003
73.752361
81.712079
95.836845
34.601022
42.192106
43.833158
49.27387
53.55467
60.14945
68.863871
76.670915
89.986478
29.548242
37.139963
38.976035
44.159876
48.449701
54.89238
63.933046
71.685996
83.446863
24.627945
32.101037
34.128961
39.044897
43.300971
49.524979
58.961299
67.079758
75.877556
20.050543
27.163123
29.358312
33.994607
38.155995
44.060644
53.942727
62.957157
67.121915
15.026525
22.401151
24.677789
29.038176
33.099782
38.545007
48.892738
59.754262
57.595258
114.30044
100.93324
91.91658
84.134541
77.389667
73.272497
67.661969
66.323462
59.580866
117.52922
104.74145
95.69879
88.07961
81.499585
77.408255
72.059851
70.695585
64.523329
120.63045
108.36282
99.349287
91.860819
85.460723
81.391114
76.339529
74.926376
69.391509
123.60081
111.8481
102.86231
95.479947
89.264544
85.195335
80.449499
78.982956
74.072492
126.47795
115.15915
106.23828
98.936948
92.908877
88.838537
84.409583
82.88235
78.591511
129.2619
118.33586
109.46902
102.23503
96.384122
92.304558
88.181826
86.59712
82.888189
131.99018
121.35643
112.55673
105.37592
99.687834
95.599346
91.78722
90.142935
87.000347
134.65682
124.25515
115.49878
108.35681
102.81368
98.715395
95.195203
93.501976
90.876756
137.28303
127.01453
118.2958
111.17729
105.76128
101.66915
98.422612
96.689136
94.558206
118.1894
117.84392
119.45703
121.05043
124.89402
129.2554
136.62378
145.8723
159.86432
116.47486
116.12277
117.76699
119.53104
123.46838
127.99932
135.41695
144.5616
156.99583
114.51594
114.26424
115.92087
117.84956
121.81933
126.46424
133.80467
142.79785
154.49399
112.29399
112.25433
113.91838
116.00641
119.97619
124.71849
131.97751
140.87816
152.22644
109.77926
110.07623
111.75846
114.00413
117.98161
122.829
130.02832
138.88543
149.90985
107.10985
107.73401
109.43779
111.85321
115.84452
120.80692
127.96826
136.77935
147.47871
104.24995
105.22077
106.95092
109.54549
113.56342
118.64086
125.77536
134.54667
144.9518
101.23718
102.54407
104.29156
107.08358
111.12891
116.31889
123.437
132.16501
142.4215
97.994631
99.699831
101.45029
104.45489
108.53144
113.83182
120.94232
129.6601
139.86668
119.87441
121.47199
122.97215
124.36118
125.64783
126.8296
127.92263
128.92519
129.8529
119.44482
120.93466
122.32269
123.60959
124.80642
125.91322
126.94532
127.90196
128.79502
120.9781
122.36185
123.63448
124.81399
125.90301
126.91443
127.85005
128.72084
129.52837
122.41344
123.64819
124.77902
125.82192
126.77808
127.66262
128.47702
129.2347
129.93696
126.07825
127.10213
128.01575
128.84147
129.58346
130.26045
130.87371
131.43903
131.95704
130.21634
131.00623
131.67825
132.25593
132.75091
133.17776
133.54171
133.86287
134.14383
137.32382
137.79811
138.1224
138.33738
138.46236
138.52002
138.52374
138.49107
138.43082
146.20282
146.24419
146.05502
145.7395
145.30853
144.81062
144.25379
143.67072
143.06741
159.9047
159.46066
158.62037
157.6089
156.46457
155.2878
154.09141
152.90148
151.72309
130.70433
129.62446
130.28194
130.59488
132.44077
134.40066
138.35461
142.46529
150.56564
131.49259
130.40008
130.98298
131.20938
132.89052
134.63432
138.26663
141.86886
149.42764
132.21656
131.12142
131.63891
131.78911
133.31664
134.85791
138.18038
141.29229
148.31691
132.88701
131.79631
132.25086
132.33463
133.71914
135.07206
138.09777
140.73905
147.23453
133.50292
132.42503
132.82459
132.85224
134.10568
135.28683
138.03037
140.21978
146.18726
134.0732
133.01396
133.36109
133.34214
134.4759
135.50242
137.97905
139.73734
145.16734
134.597
133.56286
133.86452
133.80851
134.83467
135.72494
137.95341
139.30112
144.17944
135.0811
134.07656
134.33562
134.25122
135.18123
135.95372
137.95371
138.91342
143.21407
135.52492
134.5547
134.77728
134.67282
135.51794
136.19076
137.98511
138.58447
142.27299
138.14888
137.58492
137.62506
137.59466
138.06104
138.49456
139.52228
139.01572
137.79601
137.93731
137.34239
137.39511
137.34171
137.82196
138.23817
139.26663
138.66908
137.40742
137.71394
137.07872
137.14564
137.07129
137.57213
137.97932
139.02318
138.38454
137.29233
137.47707
136.79345
136.87598
136.78367
137.31188
137.71915
138.79763
138.17087
137.52109
137.22524
136.4868
136.58525
136.47852
137.04046
137.4585
138.59357
138.03173
138.05518
136.94811
136.15583
136.27257
136.15559
136.75811
137.19851
138.41485
137.97136
138.78498
136.64296
135.79977
135.93657
135.81396
136.46421
136.9401
138.26298
137.99026
139.59782
136.30439
135.41481
135.57633
135.45349
136.15955
136.68518
138.14007
138.12038
140.45868
135.93294
135.00085
135.19014
135.07306
135.84378
136.4347
138.04681
138.31509
141.3527
138.20505
139.43316
139.80095
138.75669
138.29522
137.83413
137.83876
137.80651
138.32357
138.8028
139.92889
140.09454
139.01401
138.51857
138.05805
138.03621
138.00878
138.46175
139.47134
140.45635
140.38048
139.25619
138.7232
138.2623
138.2154
138.19088
138.57638
140.18375
140.98673
140.64742
139.47679
138.90723
138.44692
138.37719
138.35479
138.67877
140.93108
141.50655
140.88737
139.6708
139.06894
138.61178
138.522
138.50056
138.76096
141.7002
142.00572
141.09487
139.83802
139.20882
138.75839
138.65117
138.62928
138.83272
142.49431
142.48033
141.26879
139.9824
139.33038
138.88982
138.7667
138.73998
138.88836
143.30684
142.93406
141.4233
140.12061
139.44768
139.01422
138.87258
138.83323
138.93137
144.12115
143.3858
141.6118
140.29084
139.58596
139.14511
138.97404
138.9089
138.951
145.02906
143.89843
141.92655
140.57474
139.80877
139.33513
139.10749
138.98844
138.95643
146.04913
144.45185
142.31164
140.9208
140.09813
139.59556
139.31042
139.1192
139.00982
147.06485
144.96483
142.69045
141.26049
140.38708
139.85847
139.52575
139.27358
139.10018
148.06678
145.44447
143.05711
141.59589
140.6822
140.12804
139.75443
139.452
139.22343
149.0235
145.87721
143.3891
141.91468
140.97501
140.40046
139.99394
139.65202
139.37741
149.85805
146.24262
143.67539
142.21417
141.26029
140.67236
140.24175
139.87052
139.55949
150.42875
146.50308
143.89647
142.48581
141.53364
140.93998
140.49395
140.1036
139.76745
150.55259
146.65416
144.0777
142.73512
141.79626
141.20187
140.74671
140.34659
139.99843
150.11403
146.68438
144.23096
142.95959
142.04601
141.45469
140.99599
140.59498
140.24818
142.02729
142.1261
142.3219
142.63785
143.05196
143.63258
144.30543
145.59706
145.96679
141.96937
142.08137
142.29611
142.62423
143.07507
143.68753
144.49441
145.77787
146.67961
141.8589
141.99543
142.23346
142.58216
143.05344
143.69881
144.53444
145.92058
146.91727
141.70115
141.87087
142.13606
142.50658
142.99408
143.6788
144.56909
146.05503
147.27284
141.50585
141.71131
142.00575
142.39781
142.9042
143.62675
144.59343
146.1916
147.71612
141.28042
141.52283
141.84593
142.25728
142.78706
143.55113
144.5856
146.32345
148.13955
141.03258
141.3113
141.66111
142.08861
142.63821
143.4423
144.54233
146.44472
148.5897
140.77245
141.08213
141.45556
141.89671
142.46372
143.305
144.46019
146.54043
149.04231
140.50862
140.84161
141.23298
141.68606
142.26703
143.14486
144.35485
146.61222
149.51129
148.85702
149.55278
150.25063
151.07217
152.0135
153.02862
154.11655
155.23847
156.29658
149.55438
150.19477
150.92306
151.77612
152.73678
153.7565
154.82862
155.92983
156.96381
150.25497
150.92521
151.69201
152.5651
153.52477
154.53563
155.58933
156.67305
157.7208
151.07872
151.78137
152.56819
153.43744
154.38107
155.37496
156.41219
157.49297
158.58264
152.02468
152.74686
153.53322
154.38668
155.30245
156.27697
157.30181
158.39473
159.55187
153.04736
153.7749
154.55272
155.38944
156.28629
157.25111
158.28243
159.41489
160.63839
154.14658
154.85943
155.62049
156.44126
157.32613
158.29808
159.34557
160.5443
161.88367
155.28867
155.98157
156.72528
157.54543
158.44536
159.46036
160.57907
161.80307
163.13974
156.37737
157.04729
157.80734
158.67263
159.64502
160.73024
161.97572
163.19978
164.93513
169.5294
166.04434
164.83929
162.98668
161.63895
160.35611
159.2788
158.34557
157.58632
159.48982
160.51724
160.46999
160.39639
160.05339
159.54554
158.96654
158.29863
157.60871
155.86392
156.40228
156.52756
156.75072
156.77077
156.71198
156.58495
156.34848
155.98474
153.4879
153.8002
153.77779
153.95556
153.96961
153.99638
153.96649
153.9276
153.76863
151.72026
151.9049
151.88505
151.96546
151.94132
151.93885
151.9073
151.89658
151.82709
150.11982
150.2446
150.19009
150.27552
150.21249
150.23685
150.1673
150.15204
150.08025
148.69661
148.7375
148.69867
148.72124
148.67384
148.65755
148.61032
148.57568
148.52258
147.3261
147.31883
147.24779
147.26432
147.18154
147.17964
147.10234
147.07493
147.00523
146.01997
145.95214
145.88333
145.82881
145.755
145.69506
145.63623
145.58302
145.5222
144.13759
142.77065
141.27729
139.55359
137.5929
135.03881
131.98952
128.30914
125.5165
144.21662
142.84081
141.32779
139.57728
137.52943
134.96133
131.77992
128.19853
124.7428
144.23825
142.86167
141.30533
139.53418
137.40056
134.80131
131.51505
127.83326
123.82068
144.31973
142.9038
141.36802
139.52617
137.39715
134.66397
131.30903
127.29557
122.82864
144.3433
142.95722
141.36804
139.55885
137.34564
134.60283
131.09092
126.81639
121.87714
144.44341
143.02128
141.44027
139.59446
137.37314
134.55838
130.98168
126.31524
121.01792
144.48041
143.09559
141.49141
139.68811
137.41117
134.64544
130.93067
126.12527
120.16413
144.56524
143.14802
141.55683
139.71818
137.47818
134.62657
130.94493
125.88387
121.50992
144.68144
143.28551
141.69623
139.91272
137.66356
134.95033
131.12688
126.19178
118.9013
126.06704
128.70313
131.87819
134.12607
135.63852
137.04492
138.41017
139.75505
141.04193
124.90799
127.84837
131.50219
133.87684
135.45708
136.94
138.38755
139.77133
141.08373
123.53024
127.08817
131.20259
133.63037
135.23984
136.77147
138.27045
139.69391
141.02899
121.68842
126.25998
130.95622
133.45161
135.16849
136.77141
138.32564
139.75997
141.10229
119.36959
125.20346
130.4594
132.99218
134.80525
136.51855
138.15168
139.63824
141.00942
116.62312
125.0738
130.65516
133.06234
134.92315
136.6519
138.28116
139.74905
141.10991
111.07198
123.36764
130.01494
132.43948
134.50127
136.38736
138.10492
139.61494
141.00478
107.03971
123.84431
130.49477
132.65885
134.67346
136.54111
138.23062
139.71765
141.09012
96.411179
122.32838
130.08528
132.29828
134.45474
136.41809
138.15003
139.64679
141.0363
142.29274
143.51447
144.76225
146.03423
147.36038
148.73035
150.17016
151.68449
153.30682
142.32989
143.56226
144.80516
146.08942
147.41439
148.80138
150.24827
151.78368
153.41104
142.2941
143.54359
144.8033
146.10371
147.44139
148.84341
150.29864
151.852
153.49418
142.35727
143.61355
144.86981
146.1769
147.51374
148.92354
150.38335
151.95036
153.60224
142.28502
143.56063
144.83571
146.15661
147.5071
148.93116
150.4079
151.99388
153.66244
142.37092
143.6393
144.90536
146.2238
147.57118
148.99691
150.47269
152.063
153.7355
142.28866
143.57703
144.86278
146.19587
147.55502
148.99112
150.4779
152.08071
153.76451
142.36403
143.64186
144.92118
146.24781
147.60483
149.03844
150.52517
152.1277
153.81311
142.3193
143.60761
144.89196
146.22702
147.58575
149.02561
150.5133
152.12192
153.80926
155.04356
156.92038
158.93946
161.10438
163.40645
165.86128
168.40749
171.07341
172.97199
155.17232
157.06079
159.11788
161.32548
163.71399
166.27099
168.97398
171.77149
173.82595
155.2821
157.19425
159.29171
161.54433
164.01864
166.67969
169.52958
172.42198
174.67805
155.40953
157.33757
159.47019
161.75533
164.30076
167.02776
170.00295
173.00511
175.52141
155.48991
157.43758
159.59946
161.91664
164.51875
167.30828
170.4146
173.54445
176.3586
155.57346
157.53196
159.71622
162.05502
164.70544
167.542
170.7844
174.03294
177.18376
155.61794
157.58674
159.79161
162.14645
164.83851
167.70695
171.07535
174.44697
178.00388
155.66974
157.64129
159.85745
162.21974
164.94303
167.82823
171.3143
174.76367
178.96619
155.67168
157.64962
159.87076
162.24515
164.97478
167.88806
171.4268
174.96496
179.1041
173.99268
166.67348
163.93125
160.79986
157.58401
154.50461
151.55048
148.68424
145.87569
175.15743
167.48577
164.65701
161.38529
158.09627
154.9344
151.96708
149.04897
146.23052
176.23458
168.22064
165.32367
161.97696
158.61632
155.39932
152.40325
149.46242
146.62947
177.3376
168.89611
165.90978
162.44983
159.07668
155.78397
152.79059
149.79219
146.97214
178.49667
169.7376
166.6159
163.06064
159.63241
156.31901
153.28101
150.28467
147.43154
179.64695
170.31151
167.08846
163.4396
160.01346
156.60596
153.57498
150.50723
147.67167
181.05871
171.3772
167.82917
164.13723
160.64999
157.22539
154.15079
151.08153
148.2275
181.79551
171.65368
168.04752
164.30417
160.82581
157.3459
154.27486
151.17152
148.32291
184.23945
173.2844
169.00986
165.1572
161.63422
158.10113
154.98553
151.85153
148.98745
143.06558
140.25692
137.42092
134.56507
131.66881
128.73469
125.74319
122.68816
119.55642
143.3796
140.57837
137.7136
134.87131
131.95146
129.03019
126.01624
122.97295
119.81853
143.77972
140.97545
138.1181
135.27583
132.36548
129.4488
126.44862
123.41913
120.28365
144.07398
141.29226
138.39897
135.58057
132.64552
129.74828
126.73237
123.71657
120.57696
144.54457
141.74114
138.85971
136.03259
133.10159
130.21288
127.19042
124.20311
121.04166
144.73805
141.95833
139.04864
136.23967
133.29741
130.41605
127.39883
124.40364
121.27669
145.29375
142.50984
139.5971
136.80049
133.84573
130.99069
127.95119
125.00597
121.81914
145.37067
142.59242
139.67455
136.87648
133.92873
131.06425
128.04438
125.07521
121.94786
146.01861
143.24139
140.31351
137.52957
134.57164
131.73098
128.69946
125.77054
122.59801
115.97114
111.8442
107.69075
103.35276
99.043869
94.894236
90.926451
85.215256
78.034289
116.29426
112.24297
108.20379
103.96653
99.777643
95.769802
92.236887
87.271332
80.921121
116.80002
112.82731
108.90878
104.74494
100.73748
96.739288
93.512282
88.593505
83.409511
117.17243
113.31694
109.47354
105.42733
101.46529
97.596816
94.663016
91.677215
85.873077
117.69499
113.87794
110.20471
106.19343
102.39418
98.416115
95.824865
91.646213
93.548666
117.98365
114.34214
110.65332
106.83159
102.9141
99.081898
95.810763
95.662802
94.649597
118.62165
115.00965
111.58141
107.77755
104.10825
100.13396
97.105619
91.801499
114.73312
118.75879
115.30711
111.78933
108.20053
104.39268
100.52935
96.100384
94.174548
104.56225
119.53383
116.20109
112.95852
109.48162
106.03693
102.29463
99.886514
83.282754
141.37138
60.618769
48.343897
51.113032
47.969094
46.306207
50.301567
51.512316
51.769761
50.85413
61.868801
47.799105
51.3045
48.592963
49.113649
50.741211
51.727546
51.890077
50.951389
62.276222
47.10341
51.683537
48.515907
48.466776
50.825331
51.844543
51.949932
51.055197
60.77171
45.996441
52.453337
48.510003
49.932398
51.072335
51.929577
52.08093
51.152117
56.538648
44.750078
52.528071
48.751587
49.861019
51.324909
52.039217
52.189213
51.268124
51.378697
44.751653
53.769117
48.260469
50.428271
51.607861
52.083447
52.316786
51.371582
53.455196
56.104307
51.486832
48.931652
50.759886
51.768007
52.186853
52.417217
51.465045
52.899252
41.116433
52.471051
48.34246
51.02551
51.929715
52.212571
52.498367
51.531968
-18.482125
63.530008
49.818412
48.935073
51.70837
52.04085
52.29789
52.540423
51.55669
49.410466
47.942647
45.900104
43.536646
40.945786
36.783793
32.972807
22.478854
27.462039
49.663118
48.19845
46.097699
43.700018
40.716798
35.973282
31.846761
22.452202
29.006612
49.755372
48.159521
46.021039
43.41951
40.124191
34.878999
29.947771
22.926512
29.04698
49.84538
48.225961
45.956454
43.220451
39.589658
34.057851
28.739058
22.949932
31.232559
49.973794
48.2754
45.888396
43.014986
39.057796
33.432461
28.2106
25.11843
33.495758
50.046914
48.320045
45.819854
42.770464
38.589669
33.010565
28.385314
27.329518
35.817859
50.137981
48.320813
45.662075
42.42475
38.071773
32.536228
28.837681
29.913211
38.896626
50.173481
48.331657
45.585555
42.217047
37.748118
32.607878
29.050699
31.671363
40.050908
50.183707
48.198445
45.25078
41.607913
36.918726
31.915341
29.763174
34.577377
43.391897
29.544898
29.208818
30.311156
33.449447
37.033659
40.499601
39.319296
36.517301
33.260307
30.288377
28.836438
28.585283
32.251315
36.458138
40.456417
40.500185
38.669858
36.949958
31.01433
29.362743
29.049774
32.002889
35.880361
39.878883
40.999181
40.542641
40.12445
32.504546
28.931583
28.098068
30.904979
35.783198
38.938478
40.742608
42.219575
41.451773
34.816765
29.555813
29.911611
31.293701
35.70638
38.522851
39.876499
41.890821
41.634862
38.003485
29.565887
28.920075
29.965197
34.583565
38.975767
38.40515
39.658094
43.537825
41.211661
31.310894
31.329988
30.579755
33.853855
39.305805
37.637105
38.916316
47.488561
44.172459
31.595424
30.546146
29.759335
32.482458
38.807487
42.002592
31.884629
51.436203
48.155648
35.809316
32.56731
30.357654
31.119947
36.258143
38.035814
45.292139
-28.51295
30.802251
32.961875
36.300374
40.492835
45.303952
50.61116
56.399708
62.991595
70.288017
31.485078
35.175955
39.141667
43.649921
48.661149
54.2294
60.210667
66.888767
73.745816
32.935877
38.951934
43.356761
48.009063
53.156839
58.753284
64.764222
71.132799
77.204532
35.19137
42.794622
47.602587
52.650344
58.03967
63.715786
69.629108
75.397162
80.692471
38.886943
47.38175
52.223571
57.61201
63.226844
68.946094
74.621922
79.711762
84.153761
45.243521
51.615899
57.174908
62.838354
68.598074
74.149708
79.228516
83.574776
86.976044
53.069846
57.630248
62.633636
67.82449
73.1803
78.20429
82.666732
86.295574
89.033916
60.22133
61.285263
65.307126
70.290254
75.817391
80.647059
84.829699
87.913985
90.426142
41.803262
49.528385
61.13456
70.144192
77.080094
82.266034
86.047286
88.97841
91.086341
92.693184
93.809154
94.626138
95.148354
95.510117
95.679653
95.653926
95.525849
95.213831
92.011435
93.214594
94.006033
94.57798
94.922097
95.111708
95.131411
95.001796
94.778064
90.895868
92.113427
93.022923
93.627463
94.143096
94.344832
94.433655
94.53287
94.485826
89.081048
90.507532
91.595551
92.314241
92.864676
93.246727
93.51662
93.715629
93.789258
86.740435
88.27366
89.667564
90.586144
91.188039
91.762015
92.114582
92.373732
92.499581
84.137497
85.900909
87.383943
88.600445
89.278166
89.904561
90.360084
90.620125
90.762026
81.507934
83.483505
85.00932
86.325032
87.172106
87.765746
88.239398
88.546822
88.658517
78.574218
80.718779
82.139188
83.390072
84.310945
84.877632
85.312631
85.627673
85.69969
75.224892
77.316893
78.482609
79.464462
80.24628
80.791862
81.196623
81.477654
81.517037
95.001493
94.696035
94.520676
93.793909
92.500008
90.800277
88.736541
85.781097
81.540321
94.861805
94.707697
94.47938
93.815947
92.56856
90.787616
88.69047
85.664363
81.359231
94.683612
94.590963
94.405799
93.60301
92.221395
90.502304
88.37231
85.300149
80.922555
94.462934
94.380036
94.041517
93.270534
91.940951
90.083528
87.877139
84.687696
80.357574
94.125507
94.056099
93.762457
92.894646
91.328164
89.278015
86.991402
83.796109
79.613135
93.675112
93.638191
93.191681
92.099274
90.387929
88.283514
85.905864
82.738877
78.717291
93.096099
92.954591
92.407854
91.187911
89.234163
86.931952
84.454627
81.428505
77.663387
92.21976
92.092883
91.365822
89.907565
87.667784
85.219275
82.773935
79.944724
76.410256
91.065739
90.771871
89.945571
88.264826
85.834207
83.286253
80.843699
77.913917
74.450944
69.748102
62.669283
56.037394
50.220982
44.88101
40.006556
35.743704
32.401152
30.260784
73.266026
66.532614
59.719579
53.701962
48.169492
43.191397
38.722905
34.826235
31.044015
76.63201
70.735746
64.457621
58.444698
52.805084
47.613475
42.883251
38.458576
32.562356
79.989369
74.826051
69.268337
63.45259
57.761074
52.360184
47.32888
42.561518
34.827255
83.12914
78.925022
73.93826
68.515739
62.886456
57.356601
52.050484
47.175621
39.254184
85.869793
82.360607
78.123726
73.230799
67.975221
62.451656
56.956216
51.501614
45.803089
87.890662
84.889348
81.222214
76.841846
72.058699
66.942779
62.064186
57.435543
53.228287
89.095349
86.463343
83.228128
79.063964
74.277016
68.894405
64.106102
60.502556
59.88405
89.397843
87.262278
84.265354
80.410296
75.224855
68.328175
59.450152
48.090089
40.927057
-28.620768
45.334112
37.589434
35.545294
30.364508
29.673119
32.060512
35.584982
48.569774
50.760569
31.83324
41.86831
38.176143
31.682674
28.976565
29.902561
31.129588
44.46407
47.137572
38.625686
37.440596
38.85534
33.109672
29.829777
30.669923
30.729955
41.32953
43.593352
39.23388
38.00643
38.511391
33.827127
29.117353
28.148138
28.904113
37.994027
41.721152
41.565594
39.417291
38.077791
35.005817
30.491855
29.094948
28.761127
34.562529
41.079074
42.09679
40.370153
38.353318
35.08094
30.044015
27.210571
28.118557
32.059948
39.968719
40.472284
40.720936
39.247075
35.249892
31.225689
28.120474
28.491518
30.326921
37.049967
38.523539
40.313666
39.942187
35.630934
31.473141
27.536673
28.019528
29.350395
33.3347
36.299577
39.187077
39.977463
36.066663
32.867122
29.133324
28.415558
28.428198
27.110014
21.786203
32.797826
36.678402
40.973009
43.776569
45.884147
47.666739
49.384945
28.756145
21.800955
31.506943
35.799554
40.626557
43.885101
46.128432
48.000025
49.61831
28.715328
22.286478
29.531037
34.683127
39.97265
43.571481
46.106912
47.979682
49.697315
30.995466
22.414877
28.320721
33.854272
39.403561
43.354206
46.057608
48.038217
49.750446
33.392266
24.792474
27.834376
33.204501
38.860936
43.11764
45.985991
48.076781
49.866091
35.807652
27.034467
28.151785
32.770879
38.393485
42.856206
45.888205
48.101872
49.928884
38.955683
29.780784
28.601453
32.320124
37.84887
42.500047
45.710342
48.081567
50.019635
40.132256
31.561088
28.851921
32.398308
37.522729
42.276379
45.607965
48.070322
50.067997
43.576725
34.556232
29.598361
31.714421
36.664281
41.648763
45.273704
47.9362
50.085144
51.222202
52.42038
52.271029
51.252458
47.003678
48.868993
51.859009
49.092141
61.276922
51.272928
52.5603
52.481676
51.64768
49.878982
49.452732
52.047483
48.528741
62.507756
51.333421
52.611268
52.593771
51.714937
49.309344
49.347297
52.43811
47.820069
62.895721
51.420585
52.72766
52.663737
51.927293
50.794376
49.34793
53.180007
46.729863
61.389816
51.518984
52.827188
52.766233
52.174547
50.782308
49.580051
53.290169
45.545718
57.183218
51.617856
52.943979
52.798249
52.468916
51.320845
49.158658
54.523082
45.518162
52.0264
51.703044
53.032716
52.880693
52.62619
51.667077
49.824932
52.281575
56.870098
54.091171
51.777763
53.105917
52.897712
52.787133
51.935597
49.28282
53.280122
41.951795
53.578135
51.798748
53.130175
52.951127
52.874093
52.600261
49.869804
50.691333
64.261153
-17.259125
78.378355
85.50236
91.191623
95.135296
99.251018
103.51367
107.81572
111.93151
116.03187
81.229843
87.551112
92.498992
96.005091
99.980832
104.12263
108.3264
112.32757
116.35326
83.711016
88.888787
93.781886
96.974727
100.93176
104.8945
109.02534
112.90806
116.8564
86.170426
91.965415
94.930934
97.827009
101.65154
105.57212
109.58533
113.39419
117.22659
93.769859
91.95688
96.093178
98.638327
102.57268
106.33141
110.31077
113.95207
117.7462
94.953663
95.972402
96.068932
99.295215
103.08439
106.96475
110.75395
114.41327
118.03259
114.89223
92.107714
97.350198
100.33753
104.26835
107.90337
111.67573
115.07711
118.66714
104.79423
94.488829
96.345227
100.72563
104.54807
108.32232
111.88052
115.37267
118.80273
141.38183
83.632918
100.08909
102.47437
106.17743
109.59297
113.04122
116.26102
119.57322
119.59297
122.70562
125.74546
128.7239
131.6481
134.53679
137.38527
140.21499
143.0188
119.85379
122.98908
126.01874
129.0184
131.93062
134.84223
137.67699
140.5361
143.33236
120.31638
123.43412
126.44912
129.4364
132.34392
135.24629
138.08107
140.93277
143.73218
120.60723
123.73028
126.73077
129.7351
132.62275
135.5501
138.36109
141.24903
144.02601
121.07036
124.21534
127.18793
130.1988
133.0782
136.0014
138.82131
141.69782
144.49612
121.30327
124.41453
127.39462
130.40131
133.27285
136.20778
139.00942
141.91464
144.68915
121.8435
125.01479
127.94561
130.97469
133.82028
136.76767
139.55737
142.46517
145.24456
121.97111
125.08325
128.03787
131.04782
133.90259
136.84325
139.63432
142.54773
145.32113
122.618
125.77562
128.6906
131.71272
134.5439
137.495
140.27221
143.19572
145.96838
145.82495
148.6308
151.49414
154.44726
157.52509
160.74107
163.8681
166.61923
173.93128
146.17969
148.99511
151.91064
154.87678
158.03753
161.32608
164.59437
167.43102
175.09568
146.57839
149.40833
152.34667
155.34179
158.55778
161.91751
165.26128
168.16508
176.17187
146.92053
149.7378
152.73373
155.72658
159.018
162.39041
165.84755
168.83982
177.27477
147.38018
150.22978
153.22449
156.26035
159.57367
163.00048
166.55436
169.67998
178.43442
147.62011
150.45208
153.51836
156.5478
159.95457
163.37934
167.02697
170.25395
179.58555
148.17522
151.0263
154.09388
157.16721
160.59109
164.07709
167.76813
171.31895
180.9981
148.27068
151.11601
154.21799
157.2876
160.76679
164.24382
167.98635
171.59537
181.73665
148.93457
151.79562
154.92839
158.04261
161.57507
165.0967
168.94907
173.2265
184.18198
172.90917
171.00926
168.3419
165.79288
163.33617
161.03239
158.86619
156.8452
154.96626
173.76326
171.70723
168.90814
166.20288
163.64394
161.25363
159.0445
156.98546
155.09486
174.61547
172.35758
169.46332
166.61159
163.9488
161.4726
159.21833
157.11886
155.20466
175.45905
172.94052
169.9364
166.95944
164.23069
161.68347
159.39665
157.26204
155.33194
176.29661
173.47998
170.34807
167.23999
164.44869
161.84485
159.52596
157.36215
155.41239
177.12243
173.9686
170.71785
167.47352
164.63523
161.98306
159.64256
157.45635
155.49577
177.94386
174.38309
171.00917
167.63864
164.76847
162.07457
159.71809
157.51115
155.54037
178.90621
174.69999
171.24825
167.75991
164.87303
162.14784
159.78392
157.56575
155.59219
179.04438
174.90162
171.36095
167.8198
164.90468
162.17324
159.79709
157.57395
155.59392
153.22707
151.60206
150.08484
148.64204
147.26931
145.94054
144.66578
143.41519
142.19041
153.33115
151.7012
150.1629
148.71305
147.32326
145.99559
144.70851
143.46276
142.22727
153.41424
151.76944
150.21314
148.75508
147.35031
146.01006
144.70679
143.44424
142.19156
153.52219
151.86768
150.29776
148.83513
147.42259
146.08313
144.77314
143.51401
142.2546
153.58252
151.91138
150.32271
148.84314
147.41632
146.06295
144.73925
143.46122
142.18247
153.65543
151.98039
150.38732
148.90878
147.48032
146.13019
144.80887
143.53989
142.26834
153.68438
151.99804
150.3925
148.90292
147.46405
146.10211
144.76613
143.47742
142.18588
153.73312
152.04505
150.43982
148.95033
147.514
146.15418
144.82469
143.54241
142.2614
153.72905
152.0393
150.4279
148.93747
147.49484
146.13332
144.79538
143.50805
142.21657
140.9364
139.64586
138.29688
136.92696
135.51575
133.99831
131.74397
128.56008
125.91792
140.97783
139.6617
138.27374
136.82154
135.33389
133.74865
131.36755
127.70419
124.75689
140.92321
139.58436
138.15668
136.65295
135.11645
133.50184
131.06745
126.94305
123.37629
140.99635
139.65022
138.21169
136.65274
135.04494
133.32275
130.82049
126.11363
121.53178
140.90341
139.52841
138.03755
136.39972
134.68145
132.86306
130.32339
125.05597
119.21018
141.00392
139.63927
138.16712
136.53319
134.79947
132.93325
130.51927
124.92597
116.46058
140.89863
139.50493
137.9906
136.2683
134.3771
132.30977
129.8784
123.21815
110.9043
140.9841
139.60782
138.1165
136.4223
134.54962
132.52945
130.35907
123.69495
106.86332
140.93016
139.5368
138.03576
136.29906
134.33048
132.16831
129.94899
122.17698
96.221403
125.36399
128.15692
131.83222
134.8795
137.43231
139.393
141.11636
142.60957
143.976
124.58907
128.04392
131.62242
134.80222
137.36941
139.41741
141.16783
142.68081
144.05614
123.66487
127.67609
131.35652
134.64113
137.23971
139.37351
141.14435
142.70036
144.07608
122.67107
127.13713
131.14975
134.50398
137.23704
139.36572
141.20748
142.74266
144.15795
121.71786
126.65683
130.9308
134.4424
137.18488
139.39786
141.20641
142.79577
144.18095
120.85679
126.15462
130.82113
134.39815
137.2125
139.43381
141.27934
142.85969
144.28136
119.9994
125.96363
130.76965
134.48437
137.25018
139.52699
141.33
142.93376
144.31758
121.35026
125.72236
130.78382
134.46613
137.31741
139.55734
141.39582
142.98658
144.40284
118.72936
126.0295
130.96556
134.78932
137.5025
139.75145
141.5348
143.12348
144.51829
145.35984
146.8404
148.35453
149.90644
151.64573
153.58031
155.7953
157.42567
157.45557
145.42144
146.91093
148.40732
149.97736
151.71386
153.73577
156.15021
158.10573
158.20679
145.47326
146.93686
148.44052
149.99043
151.72226
153.77054
156.3782
158.75596
159.12884
145.53208
147.0138
148.48748
150.05969
151.75439
153.79974
156.49934
159.31965
160.18802
145.59116
147.01427
148.50141
150.03283
151.75327
153.76791
156.55213
159.81254
161.44146
145.66507
147.09751
148.54941
150.09632
151.77753
153.7543
156.52866
160.14185
162.7586
145.71888
147.07982
148.52547
150.01005
151.69575
153.57559
156.3041
160.20247
164.55672
145.78766
147.15124
148.56456
150.06494
151.71567
153.59936
156.17871
160.24488
165.73041
145.85497
147.15758
148.52337
149.93994
151.53153
153.28654
155.64478
159.221
168.99529
13.797204
-51.4491
-127.61841
-130.65983
-41.520735
25.504015
48.878976
77.087817
84.914458
14.620915
-49.668394
-124.80193
-135.96069
-51.135954
21.178788
45.534477
75.409808
82.782354
15.383585
-48.079058
-128.55556
-139.10767
-58.77466
17.976992
43.692127
75.378445
82.718322
16.103144
-46.25935
-128.00162
-141.4678
-64.50928
15.868614
44.345069
76.776264
82.681269
16.786984
-44.306005
-128.60839
-144.42668
-69.325095
13.965598
44.535595
76.61677
83.676852
17.348646
-42.316045
-128.71286
-146.45077
-73.686687
12.533038
44.16628
74.984486
85.830182
17.839593
-40.267206
-128.92501
-148.07013
-77.295218
11.500551
44.15989
73.312571
88.913298
18.573448
-38.12856
-128.76691
-149.00758
-79.82223
10.86143
44.582063
71.548018
92.284034
19.917254
-35.687091
-126.99295
-149.33398
-80.347099
10.658469
45.618035
70.225527
95.418505
110.29744
82.455669
55.500856
29.067915
-48.901125
-129.59845
-111.95691
-29.70276
21.843765
108.54991
79.443172
54.472832
30.580194
-49.308235
-130.11643
-114.92216
-30.429506
21.69332
107.43631
76.844274
53.161217
31.087935
-50.347029
-132.09576
-118.35748
-30.787929
21.456072
105.42642
74.672475
52.733456
30.796528
-52.641484
-132.7687
-123.18341
-32.034633
21.101129
104.13768
73.153037
51.087572
29.34314
-55.148355
-136.671
-126.73278
-33.05674
20.718945
102.57807
71.764875
49.697878
27.51732
-57.763535
-141.30536
-129.97006
-34.142197
20.218978
101.69778
70.334324
47.653105
25.571788
-60.558324
-145.79192
-133.35555
-35.439286
19.726578
100.32517
69.923673
45.890478
23.750239
-63.725121
-150.0084
-137.07296
-37.055122
19.262691
98.029886
70.533901
44.17819
22.137203
-66.588444
-154.26405
-140.39272
-38.767981
18.924886
95.005927
91.840759
88.50715
85.659977
83.788562
82.983933
83.017797
83.06514
85.058597
71.787853
73.243964
75.011739
76.550721
77.900445
77.86679
76.409854
76.441811
77.985537
43.057015
42.314454
42.189456
42.348061
42.732889
43.135349
43.690173
45.975137
49.097721
20.689597
19.751881
19.293621
19.337396
19.57447
19.996493
20.650085
23.063815
26.585359
-66.8847
-65.715196
-63.15675
-59.780605
-55.693561
-51.28358
-46.319672
-39.37499
-30.369778
-155.10122
-154.95444
-154.06567
-152.47069
-150.22042
-147.19003
-144.82128
-141.45988
-135.0393
-142.87234
-143.36156
-144.15589
-143.88557
-143.95147
-142.99922
-143.6783
-139.20464
-140.19378
-40.493562
-43.438813
-46.020451
-48.413991
-50.685227
-52.854465
-54.828207
-56.522859
-58.106601
19.270104
17.755898
16.877035
16.319458
15.694054
14.932119
14.128989
13.296242
12.403903
)
;

boundaryField
{
    back
    {
        type            empty;
    }
    inlet
    {
        type            zeroGradient;
    }
    front
    {
        type            empty;
    }
    top
    {
        type            zeroGradient;
    }
    outlet
    {
        type            fixedValue;
        value           uniform 100;
    }
    bottom
    {
        type            zeroGradient;
    }
    wall
    {
        type            zeroGradient;
    }
}


// ************************************************************************* //
