/*--------------------------------*- C++ -*----------------------------------*\
  =========                 |
  \\      /  F ield         | OpenFOAM: The Open Source CFD Toolbox
   \\    /   O peration     | Website:  https://openfoam.org
    \\  /    A nd           | Version:  11
     \\/     M anipulation  |
\*---------------------------------------------------------------------------*/
FoamFile
{
    format      ascii;
    class       volScalarField;
    location    "2.6";
    object      p;
}
// * * * * * * * * * * * * * * * * * * * * * * * * * * * * * * * * * * * * * //

dimensions      [0 2 -2 0 0 0 0];

internalField   nonuniform List<scalar> 
5472
(
99.297516
96.918771
94.54508
92.189825
89.868173
87.575724
85.35715
83.228848
81.186054
79.242347
77.426149
75.72526
74.138399
72.734007
71.451446
70.372642
69.483176
68.767716
68.301755
100.05703
97.855018
95.632817
93.417955
91.215856
89.011285
86.855498
84.793646
82.796533
80.89363
79.09052
77.395882
75.823526
74.41798
73.132337
72.053369
71.130428
70.385288
69.836165
100.7477
98.730709
96.66939
94.591658
92.491594
90.393023
88.331846
86.321983
84.378493
82.517391
80.732115
79.047395
77.488704
76.071316
74.807021
73.715231
72.781675
72.027192
71.463512
101.40117
99.554687
97.652386
95.709438
93.705841
91.718585
89.752096
87.80961
85.923145
84.088516
82.334298
80.672178
79.125657
77.697323
76.434113
75.343507
74.413585
73.655703
73.094793
101.95194
100.27316
98.539154
96.731207
94.851866
92.962992
91.07806
89.220911
87.396258
85.608424
83.881764
82.24369
80.721457
79.312523
78.047685
76.947366
76.019605
75.269974
74.702601
102.49372
100.93353
99.326565
97.651587
95.897276
94.124421
92.332672
90.560351
88.796981
87.0741
85.393186
83.759359
82.251085
80.872398
79.633685
78.544041
77.615061
76.871509
76.326124
102.93908
101.54653
100.05831
98.483956
96.866775
95.210927
93.507407
91.816635
90.121265
88.46078
86.82498
85.241819
83.758627
82.377869
81.152865
80.085413
79.174144
78.431328
77.852405
103.31993
102.03075
100.67067
99.232209
97.743877
96.198432
94.607238
93.012032
91.396326
89.783142
88.17904
86.649033
85.210006
83.868112
82.659181
81.594357
80.689502
79.971979
79.450428
103.67046
102.48947
101.24683
99.916528
98.530039
97.085788
95.60399
94.101001
92.570704
91.029095
89.493687
88.009532
86.58437
85.279769
84.10427
83.062682
82.172125
81.441392
80.903302
103.9345
102.89015
101.77237
100.54413
99.254216
97.913641
96.544349
95.119868
93.66003
92.184251
90.724903
89.294496
87.922498
86.653628
85.488326
84.474294
83.604357
82.904625
82.390503
104.1926
103.25081
102.21872
101.09426
99.906074
98.659903
97.392391
96.067065
94.697216
93.285741
91.882213
90.496467
89.18337
87.955094
86.822377
85.828358
84.974389
84.291628
83.793101
104.42111
103.57159
102.62547
101.59628
100.4879
99.335262
98.155578
96.916211
95.631682
94.304767
92.976342
91.654731
90.393361
89.196779
88.105512
87.136057
86.308652
85.63973
85.144203
104.63835
103.84235
102.97356
102.05568
101.03789
99.979357
98.871857
97.714662
96.495612
95.231953
93.972037
92.719814
91.513577
90.368686
89.320229
88.370431
87.57356
86.927883
86.462737
104.79974
104.08099
103.29889
102.42768
101.51268
100.55447
99.508724
98.444674
97.306631
96.12462
94.918738
93.727541
92.572441
91.476492
90.46102
89.545632
88.771964
88.136119
87.685291
104.95746
104.30028
103.58207
102.78473
101.94866
101.04882
100.09004
99.085037
98.024157
96.92365
95.785425
94.67041
93.557903
92.515683
91.536818
90.661436
89.917696
89.310575
88.882428
105.0812
104.49518
103.84361
103.11716
102.3364
101.50499
100.63152
99.692179
98.698742
97.645844
96.582535
95.520529
94.472803
93.482363
92.537927
91.699361
90.972581
90.399369
89.988169
105.18503
104.66928
104.07574
103.40003
102.68014
101.91343
101.10869
100.23819
99.31086
98.325445
97.325607
96.31463
95.328732
94.376103
93.478919
92.671475
91.978142
91.424463
91.025664
105.3083
104.83732
104.28599
103.66567
102.99722
102.29464
101.54851
100.72749
99.855543
98.932687
97.995628
97.044637
96.112802
95.204813
94.346283
93.566256
92.91038
92.381614
92.000744
105.42019
104.98354
104.48029
103.91584
103.28632
102.63618
101.94035
101.17906
100.36124
99.494727
98.606652
97.708655
96.825081
95.96384
95.144143
94.395356
93.763534
93.25802
92.901103
105.52483
105.12908
104.66927
104.14422
103.56796
102.9563
102.29601
101.58698
100.81658
100.00219
99.16388
98.314983
97.470408
96.650078
95.869941
95.161519
94.547975
94.048763
93.703354
105.63423
105.26983
104.83963
104.35573
103.82696
103.25462
102.6335
101.9654
101.23921
100.47005
99.67844
98.868825
98.058745
97.271116
96.520737
95.854328
95.286963
94.825759
94.481548
105.73661
105.4136
105.01977
104.56839
104.07443
103.53368
102.94712
102.31132
101.62236
100.89726
100.14184
99.369558
98.591498
97.822532
97.086244
96.412158
95.835953
95.392045
95.074265
105.83145
105.54773
105.19601
104.78411
104.32223
103.81052
103.25459
102.64474
101.98536
101.29188
100.56332
99.825595
99.090662
98.371496
97.697746
97.072382
96.517309
96.07334
95.770266
105.9266
105.67909
105.36634
104.99406
104.56915
104.095
103.56588
102.97721
102.33577
101.64633
100.91886
100.17
99.417059
98.679398
97.985287
97.360381
96.83343
96.40733
96.098703
106.02402
105.81357
105.54262
105.20491
104.8115
104.37473
103.88731
103.34748
102.75498
102.11338
101.43504
100.72862
100.0042
99.288921
98.598609
97.949391
97.389748
96.964272
96.643668
106.10861
105.94971
105.72526
105.42805
105.05489
104.61476
104.11083
103.54704
102.92744
102.25971
101.55484
100.82615
100.08715
99.362208
98.670933
98.049163
97.519584
97.085823
96.788399
106.14557
106.09139
105.96348
105.76628
105.49637
105.15133
104.72765
104.2257
103.65176
103.0053
102.29807
101.54699
100.76184
99.972243
99.191722
98.46801
97.837395
97.339331
97.025736
67.88284
67.661866
67.616453
67.74074
68.15538
68.621227
69.23249
69.991259
70.784439
71.728502
72.722332
73.780129
74.922853
76.126459
77.366164
78.642164
79.900642
81.12144
82.285052
69.381236
69.256303
69.277605
69.528666
69.963989
70.556781
71.345472
72.198116
73.209161
74.321439
75.526017
76.806004
78.152759
79.539608
80.952561
82.408362
83.80274
85.174991
86.43191
71.068466
70.903614
70.980033
71.308365
71.807492
72.55023
73.430392
74.440718
75.631979
76.903441
78.303511
79.749414
81.259465
82.7907
84.364919
85.929619
87.474634
88.970413
90.399977
72.698686
72.548846
72.670676
73.052044
73.661984
74.510211
75.511121
76.677537
78.014988
79.441088
80.977386
82.558842
84.182296
85.842576
87.514894
89.184187
90.832165
92.445803
94.011404
74.29193
74.160821
74.329436
74.805556
75.492144
76.439378
77.571218
78.884644
80.343922
81.887087
83.530742
85.210754
86.932931
88.682422
90.42622
92.167935
93.881626
95.575662
97.199739
75.957667
75.791875
76.002968
76.532567
77.316116
78.371329
79.607667
81.051586
82.590608
84.248365
85.968441
87.744334
89.53664
91.336376
93.132033
94.907588
96.651067
98.350008
99.951148
77.432076
77.35561
77.642279
78.226488
79.096466
80.23907
81.595769
83.127424
84.752236
86.503115
88.289668
90.131726
91.949613
93.781913
95.588589
97.345683
99.04517
100.66907
102.14654
79.065301
78.961305
79.267825
79.900316
80.860595
82.102358
83.532924
85.131069
86.840801
88.64853
90.487225
92.344827
94.177792
96.005552
97.761541
99.450197
101.0436
102.51053
103.80991
80.511412
80.463618
80.821271
81.510445
82.571965
83.862395
85.37865
87.048189
88.821623
90.668698
92.519588
94.375764
96.190427
97.951125
99.617954
101.19186
102.61001
103.90204
105.00704
81.99935
81.973546
82.355098
83.114251
84.230694
85.571197
87.162436
88.866497
90.696672
92.536646
94.390725
96.21588
97.961439
99.633436
101.17761
102.59262
103.84367
104.95893
105.86934
83.426222
83.419401
83.838651
84.660044
85.804451
87.214013
88.850497
90.593255
92.431896
94.249932
96.089161
97.826789
99.496472
101.0466
102.44273
103.70687
104.80351
105.75103
106.52331
84.781662
84.806554
85.274515
86.135658
87.31033
88.777396
90.439277
92.213227
94.030261
95.82747
97.594634
99.240134
100.81098
102.20879
103.46989
104.5727
105.52986
106.34257
107.01007
86.11135
86.159712
86.654842
87.533978
88.745992
90.267034
91.937779
93.701345
95.475736
97.225169
98.903031
100.45885
101.9003
103.1585
104.28449
105.21328
106.03617
106.67871
107.17189
87.353468
87.44038
87.946158
88.857543
90.120327
91.654917
93.312809
95.064237
96.789661
98.469757
100.04219
101.48466
102.77959
103.89463
104.85287
105.59764
106.22055
106.58341
106.79613
88.562269
88.653159
89.167264
90.117589
91.411552
92.936607
94.583017
96.292656
97.951833
99.546622
101.00579
102.32175
103.4598
104.41232
105.15811
105.69573
106.05588
106.17858
106.13227
89.686658
89.784125
90.327395
91.312418
92.609304
94.111205
95.737895
97.392447
98.97439
100.46167
101.7932
102.96653
103.93564
104.70173
105.23815
105.59085
105.75936
105.77318
105.66606
90.742356
90.841334
91.427518
92.416967
93.703733
95.193921
96.78789
98.366959
99.860815
101.23447
102.43734
103.456
104.25144
104.84108
105.23071
105.4741
105.57711
105.63029
105.68043
91.719355
91.845408
92.448181
93.419453
94.703949
96.177625
97.712961
99.207343
100.60984
101.86397
102.93382
103.80774
104.46055
104.92618
105.25378
105.48226
105.64533
105.82305
106.04701
92.629933
92.779802
93.373403
94.352626
95.641866
97.079386
98.544548
99.963759
101.27331
102.40239
103.34605
104.09567
104.64302
105.04357
105.37574
105.66071
105.93233
106.25868
106.63351
93.454334
93.607077
94.197213
95.187694
96.446827
97.81805
99.258826
100.60801
101.82185
102.84756
103.70325
104.37666
104.88545
105.29607
105.66775
106.05753
106.43202
106.83163
107.18426
94.222268
94.390954
94.984415
95.98341
97.218866
98.585942
99.938785
101.20429
102.3172
103.25622
104.02168
104.63327
105.11783
105.55288
105.97409
106.46362
106.93745
107.36615
107.65202
94.866822
95.025877
95.635826
96.621059
97.845593
99.163217
100.49275
101.7092
102.78218
103.68897
104.4304
105.04462
105.5652
106.04129
106.57338
107.05035
107.53292
107.7823
107.6462
95.491308
95.668825
96.294667
97.299947
98.511537
99.836648
101.08255
102.21965
103.22431
104.04316
104.71255
105.2782
105.82772
106.37383
106.91404
107.1876
107.41299
107.1398
106.42282
95.921448
96.108181
96.740675
97.735319
98.968569
100.23251
101.50396
102.66852
103.68158
104.54877
105.30512
105.94907
106.49229
106.97397
107.21874
107.04559
106.58713
105.5068
104.13928
96.39047
96.588097
97.292012
98.374371
99.630573
100.9503
102.17763
103.26116
104.18034
104.93684
105.51871
106.02306
106.37507
106.58307
106.41495
105.82558
104.79405
103.50827
102.22086
96.595043
96.815996
97.521194
98.575911
99.842737
101.14811
102.43998
103.58526
104.5803
105.42706
106.11705
106.61676
106.78238
106.54554
105.86863
104.75885
103.48452
102.35632
101.49271
96.806797
97.110806
97.993159
99.272489
100.70583
102.12444
103.40033
104.47842
105.31083
105.90085
106.20621
106.17486
105.7774
105.00249
103.98812
102.87253
102.00141
101.43847
101.13881
83.346484
84.357156
85.259672
85.97731
86.612265
87.095549
87.265749
87.379992
87.219248
86.422873
85.314941
84.027723
81.870009
78.768582
75.679642
72.229608
68.075209
64.11685
60.445296
87.628764
88.668644
89.584484
90.342556
91.001073
91.575423
91.94981
92.09482
91.927668
91.35697
90.286043
88.520327
86.034096
82.874997
78.833651
73.654959
68.114195
62.302176
56.071518
91.744179
92.858266
93.850295
94.580496
95.298539
95.985866
96.415708
96.697825
96.598253
95.907477
94.640972
92.795459
89.941415
85.709319
80.326985
73.894007
66.355555
57.160435
46.676848
95.453635
96.679867
97.619748
98.407856
99.196522
99.914075
100.50639
100.80346
100.61876
100.03511
98.710548
96.485425
92.905483
87.846477
81.430484
73.536911
63.653865
51.780243
38.811829
98.704972
99.903116
100.79527
101.5874
102.38895
103.20704
103.8125
104.13613
104.16516
103.58308
102.15037
99.503128
95.282378
89.852357
83.432067
75.676616
66.149843
55.042072
42.208069
101.41828
102.48565
103.29757
104.06763
104.9093
105.71892
106.36628
106.7792
106.76314
106.15544
104.77854
101.80668
97.372859
92.346252
86.305699
79.509641
71.737261
63.0796
53.945551
103.45225
104.39373
105.12892
105.82852
106.61195
107.33773
107.88375
108.17534
108.13936
107.81491
106.64929
103.83033
100.044
95.645215
90.556208
84.989682
78.954924
72.747096
66.779991
104.92577
105.69831
106.28397
106.85544
107.49332
108.0097
108.40592
108.63009
108.71434
108.50187
107.88077
105.92357
102.90964
99.144737
94.806347
90.297629
85.732638
81.273038
77.383374
105.91106
106.54356
107.01594
107.48335
107.94906
108.2793
108.58615
108.81407
108.92684
108.59224
107.89677
106.20897
103.68356
100.62907
97.179127
93.612946
90.383804
87.598643
85.322853
106.64784
107.1618
107.53014
107.93517
108.27346
108.40888
108.28088
108.22608
108.14699
107.60896
106.2791
104.22411
101.65825
98.889969
96.265911
93.727978
91.429543
89.569372
88.370158
107.20552
107.58765
107.85925
108.08403
108.05957
107.65094
107.02654
106.96884
105.98307
104.39615
102.28313
99.688426
96.958642
94.270034
92.034984
90.450219
89.404689
88.770735
88.442029
107.58551
107.87833
108.16879
108.29867
108.17238
107.38246
105.95622
104.10385
101.87669
99.224427
96.215545
92.913061
89.644926
86.959759
85.237847
84.373501
84.400064
85.300508
86.65703
107.50826
107.74922
108.0656
108.14823
107.96159
107.13578
105.17613
101.98251
97.809991
93.404898
88.777238
84.086601
79.70788
76.109788
73.95699
73.460412
74.602906
77.078256
80.240041
106.76791
106.93718
107.13386
107.13654
106.87004
106.24483
104.99755
102.58358
97.69679
90.774267
82.843177
74.344192
66.125062
58.695806
53.524531
52.140586
54.687653
60.29169
67.512859
105.81335
105.76237
105.67374
105.32728
104.54096
103.2839
101.23162
98.048818
93.130712
86.524316
78.756749
70.438658
62.559996
56.407099
53.030082
53.297933
57.212148
63.803105
71.092825
105.40074
105.28901
105.12073
104.70363
103.94445
102.88473
101.3826
99.204686
96.189995
92.273248
87.619335
82.67347
77.751968
73.677172
71.07247
70.439978
72.037292
75.566603
80.060357
105.65881
105.6352
105.48295
105.1199
104.61493
103.97845
103.13319
101.89498
100.2893
98.25877
95.787528
92.975706
89.970791
87.242506
85.010022
83.762991
83.762783
84.940399
87.026636
106.28217
106.34816
106.20718
105.9302
105.62737
105.21428
104.64992
103.86192
102.89372
101.62651
99.989516
97.973144
95.769269
93.58264
91.553853
89.908748
88.897898
88.704611
89.201006
107.14454
107.29761
107.14295
107.01542
106.86975
106.53483
106.01179
105.28445
104.38517
103.21444
101.71362
99.872974
97.926039
95.859911
93.700828
91.624097
89.704947
88.204113
87.547662
107.95602
108.0648
108.12317
108.40709
108.39961
107.70349
106.55445
105.55644
104.62649
103.43565
101.69962
99.381581
96.427933
92.772186
88.715342
84.441491
80.522354
77.701389
76.35512
108.26032
108.22787
108.16816
107.82288
107.00121
106.93274
107.43085
107.33074
106.26447
104.14562
101.44859
98.259896
94.128163
88.877781
83.010156
76.903443
71.586374
68.132679
67.057521
107.46991
107.5791
107.52299
107.52846
106.68382
105.17698
104.06167
103.23005
102.08559
100.51453
98.60739
96.25411
93.440167
90.081075
86.398111
82.793045
79.699328
77.804676
77.345303
105.10993
105.43229
105.15855
104.51461
103.36242
100.82845
97.848113
96.048923
95.29774
94.929731
94.444989
93.582822
92.589426
91.476809
90.336998
89.370641
88.868444
89.090406
90.088391
102.53921
102.66745
102.28517
101.58504
100.60652
98.835669
96.586951
93.757055
90.339106
87.293727
85.116366
84.663155
85.754487
87.893151
90.272374
92.15269
93.836592
95.363464
96.163557
101.20628
100.87855
100.3308
99.44176
98.181361
96.203078
93.529301
90.447316
87.462529
85.596479
85.370743
86.635776
88.457237
90.3322
92.499004
94.583989
96.224192
97.607417
99.118009
100.92987
100.57526
100.2277
99.761052
99.196853
98.430981
97.42425
96.421441
95.184043
93.766478
92.696113
92.351993
92.874779
94.104327
95.903401
97.901358
99.676693
101.06968
102.06618
101.17078
100.94419
100.6781
100.44433
100.22782
99.992569
99.703981
99.350744
99.141503
99.332319
99.738518
100.19079
100.77655
101.62839
102.78123
104.1552
105.1277
105.77851
105.6399
57.543553
56.09578
56.833897
60.03651
66.278654
75.15563
85.860931
97.120878
107.66745
116.12409
121.84217
124.00427
122.44251
120.14131
117.70244
115.3306
113.13467
111.06326
109.12785
50.467091
46.35257
44.813542
45.83143
49.719579
57.769672
69.132471
81.389469
93.237293
103.32133
110.61979
115.10844
116.30674
116.16678
114.92512
113.5673
112.03309
110.57207
109.10028
35.946073
26.782545
20.872414
19.304254
22.729402
31.394957
44.008105
57.733806
72.956718
87.357712
96.671165
102.89992
107.37101
109.64244
110.53238
110.56255
110.08754
109.38957
108.55737
25.289702
12.286372
2.2626783
-2.6891757
-0.97369752
7.6003108
25.5632
41.567595
56.484322
69.692821
81.418071
90.83871
97.711816
102.00543
104.69204
106.18445
106.91619
107.14611
107.11494
29.65707
18.219098
9.5616838
5.1494214
6.0552891
12.696759
24.316912
38.281913
52.558356
65.399457
76.338308
85.121332
91.689809
96.427168
99.722766
101.99133
103.46046
104.38365
105.01899
45.090577
37.611606
32.556319
30.701777
32.41467
37.363544
45.074719
54.145033
63.489276
72.1234
79.698118
85.963885
90.831138
94.674751
97.583082
99.715919
101.22788
102.29819
103.18772
61.370615
57.170334
54.775266
54.695484
56.972718
60.63229
65.212392
70.628347
76.012443
81.070502
85.577491
89.493903
92.775557
95.469921
97.693116
99.411031
100.64801
101.54758
102.31731
74.255831
72.297785
71.633176
71.890911
72.915538
75.324979
78.431752
81.801362
85.159483
88.261403
90.986248
93.427196
95.529925
97.344104
98.882559
100.18065
101.13941
101.81676
102.35675
83.702678
82.605747
82.043709
82.313103
83.47579
85.098246
87.11875
89.212855
91.349329
93.403418
95.124034
96.694309
98.101397
99.318215
100.39668
101.32313
102.06021
102.53799
102.89812
87.995502
88.061093
88.395057
89.084864
90.253843
91.559729
92.97539
94.429216
95.828161
97.191237
98.378601
99.384062
100.3014
101.09785
101.81148
102.47357
103.04213
103.39534
103.57495
88.739935
89.783287
91.141013
92.472027
93.906128
95.45001
96.783548
97.960132
99.073323
100.07203
100.89902
101.58672
102.17066
102.65715
103.12418
103.55797
103.95039
104.23538
104.31043
88.250149
90.272135
92.445711
94.410509
96.162652
97.910147
99.428713
100.47327
101.34106
102.1397
102.76611
103.25334
103.65031
103.95698
104.22171
104.50398
104.75578
104.92497
104.95867
83.670364
87.490733
91.275768
94.37729
96.823852
98.947735
100.82604
102.05852
102.83687
103.45466
103.96555
104.33776
104.6145
104.82434
104.98951
105.16258
105.33601
105.44058
105.43431
74.757126
81.577218
87.669855
92.445988
95.862242
98.481752
100.70802
102.23044
103.19067
103.86003
104.39213
104.76314
105.05746
105.26896
105.43022
105.55046
105.668
105.75024
105.75165
78.14118
84.431334
89.749571
93.811566
96.743384
98.967474
100.88703
102.28358
103.14663
103.89159
104.46412
104.8973
105.19808
105.39779
105.5845
105.7043
105.79449
105.84067
105.85643
84.863476
89.441565
93.423183
96.565976
98.891938
100.584
101.77715
102.94735
103.731
104.35443
104.7937
105.17037
105.46165
105.62128
105.75892
105.85943
105.91841
105.93144
105.91474
89.716388
92.693634
95.63415
98.222191
100.31123
101.92503
102.98396
103.62997
104.45482
105.20581
105.58552
105.79895
105.91688
106.00663
106.03334
106.06364
106.06817
106.0299
105.9531
90.423823
92.287271
94.580806
96.974311
99.16403
101.07322
102.55599
103.92604
105.25332
105.39006
105.78054
106.06923
106.17817
106.23572
106.22583
106.19315
106.16757
106.11473
106.02267
87.752379
88.776859
90.668602
93.117719
95.740746
98.287225
100.73571
103.23468
105.02395
105.57737
106.07807
106.23183
106.29987
106.28255
106.23428
106.1518
106.07312
105.9954
105.91399
76.523098
78.524807
81.617677
85.352854
90.184769
95.873963
100.82113
103.87796
105.33497
105.72763
105.99624
106.06379
106.06037
106.00479
105.94803
105.88332
105.79868
105.71941
105.6739
68.496477
73.288708
78.961821
84.71963
90.294435
94.903826
98.870389
101.91517
103.66077
104.45796
104.87697
105.12259
105.24099
105.26814
105.29554
105.32179
105.2718
105.20649
105.23224
78.465644
81.125503
84.925711
89.161663
93.17496
96.748975
99.578184
101.56736
102.75282
103.45801
103.99413
104.30985
104.52443
104.67304
104.73198
104.79825
104.80438
104.75625
104.78595
91.784527
93.47338
95.214697
97.168269
98.890506
100.41167
101.58381
102.38709
102.96451
103.43613
103.81154
104.09905
104.30816
104.44103
104.52323
104.5469
104.53647
104.52175
104.54546
96.637979
97.635332
98.734541
99.910072
100.9897
101.85388
102.58218
103.15793
103.58578
103.90287
104.0898
104.19061
104.22747
104.17685
104.10164
104.07434
103.99166
103.88925
103.90961
100.25673
100.93804
101.43127
101.80424
102.11979
102.34909
102.79295
103.15488
103.19331
103.13791
103.17713
103.30877
103.52494
103.65297
103.5521
103.38367
103.2745
103.18182
103.14206
102.39316
102.08149
102.01754
101.95593
101.96116
102.02453
102.09265
102.21738
102.45796
102.69921
102.79135
102.57353
102.09081
101.49295
101.29562
101.698
102.01202
102.16361
102.15179
104.52504
102.86245
101.53693
100.23178
98.974264
97.945108
97.153356
96.754564
96.742926
97.016101
97.529147
98.430718
99.541828
100.60973
101.27736
101.50055
101.53405
101.22772
100.55191
107.36196
105.7003
104.11651
102.59566
101.16517
99.797624
98.5445
97.365736
96.257095
95.227126
94.290376
93.454786
92.720131
92.083528
91.4977
91.018853
90.652712
90.410907
90.273838
107.75528
106.40991
105.06327
103.71416
102.39596
101.1081
99.886809
98.710354
97.597273
96.548062
95.553042
94.643439
93.818169
93.105002
92.480045
91.970343
91.603351
91.34693
91.225511
107.68568
106.75545
105.73457
104.66378
103.51384
102.33912
101.16393
100.0175
98.899698
97.83616
96.794548
95.815294
94.91961
94.124054
93.463959
92.906035
92.515113
92.266557
92.151197
106.90134
106.48798
105.84906
105.08195
104.19083
103.22336
102.176
101.11359
100.01872
98.952383
97.909141
96.900997
95.975891
95.124594
94.412624
93.844232
93.409916
93.170098
93.074284
105.47236
105.61992
105.48619
105.07843
104.489
103.72162
102.8586
101.91174
100.92642
99.90104
98.890861
97.894168
96.958703
96.099499
95.342871
94.764546
94.312203
94.053991
93.989705
104.00639
104.55026
104.81507
104.75375
104.48749
103.98554
103.34389
102.5439
101.68824
100.73302
99.776781
98.812133
97.882661
97.021897
96.255171
95.640218
95.200568
94.927472
94.882269
103.10624
103.69787
104.12761
104.35508
104.33075
104.09581
103.6577
103.03286
102.29779
101.43917
100.5644
99.657421
98.746227
97.884406
97.129648
96.495407
96.053625
95.793386
95.752822
102.89997
103.33714
103.70889
103.99882
104.12607
104.07714
103.82918
103.38638
102.79635
102.05596
101.26265
100.40753
99.552674
98.699997
97.955189
97.329552
96.870751
96.632988
96.611421
103.18151
103.39642
103.63564
103.84996
103.99882
104.04823
103.91957
103.63414
103.17787
102.56322
101.86818
101.07464
100.27802
99.460866
98.720098
98.126386
97.671504
97.45006
97.430961
103.69208
103.75319
103.8298
103.92782
104.01829
104.06048
103.99925
103.82654
103.48144
102.995
102.38913
101.68333
100.92588
100.17884
99.44464
98.871076
98.413404
98.226057
98.230067
104.27139
104.21942
104.1902
104.17051
104.17801
104.18512
104.12985
104.00501
103.7345
103.34969
102.82067
102.22628
101.52126
100.83108
100.13143
99.571306
99.13613
98.954227
99.010348
104.86834
104.74061
104.61422
104.51747
104.44245
104.39544
104.30225
104.1907
103.96607
103.65835
103.21294
102.69448
102.06289
101.42684
100.78239
100.23029
99.836427
99.631188
99.739149
105.33471
105.20922
105.05288
104.90642
104.76629
104.66015
104.53096
104.40198
104.19534
103.93528
103.55946
103.1047
102.5452
101.95289
101.38175
100.84116
100.49699
100.30388
100.43287
105.66417
105.57652
105.43246
105.2694
105.09334
104.94483
104.78617
104.63888
104.44131
104.20605
103.87451
103.46947
102.99662
102.42945
101.9188
101.41984
101.10106
100.94584
101.06565
105.80641
105.79319
105.70913
105.57619
105.40047
105.23052
105.0535
104.88816
104.68502
104.45229
104.17542
103.79746
103.38417
102.87541
102.39664
101.9576
101.65442
101.5429
101.67263
105.87955
105.89421
105.8539
105.77565
105.63536
105.47739
105.29915
105.11102
104.92543
104.69303
104.44987
104.1165
103.726
103.28091
102.83306
102.45061
102.17504
102.08882
102.23744
105.8954
105.92606
105.91635
105.88596
105.79947
105.66813
105.51862
105.33675
105.1586
104.93684
104.68833
104.40505
104.04119
103.64045
103.23083
102.88783
102.64758
102.59034
102.75789
105.94662
105.95855
105.94177
105.9266
105.88941
105.79052
105.66695
105.49161
105.29712
105.09175
104.86839
104.62065
104.32106
103.95821
103.58259
103.28072
103.08049
103.04754
103.23801
105.88201
105.89307
105.89686
105.8945
105.90071
105.86329
105.78506
105.67979
105.52781
105.34619
105.11598
104.85804
104.57355
104.25205
103.9091
103.62803
103.4626
103.47228
103.67927
105.71909
105.7617
105.80547
105.8335
105.86889
105.87883
105.82924
105.72205
105.57665
105.40788
105.22278
105.01182
104.758
104.4746
104.17638
103.92817
103.79458
103.83654
104.06601
105.3943
105.52905
105.61921
105.67106
105.71967
105.77139
105.80495
105.79339
105.72662
105.60831
105.43937
105.23288
104.98819
104.7128
104.43559
104.23458
104.09585
104.16692
104.43637
104.97826
105.2167
105.39207
105.5248
105.64141
105.71835
105.75954
105.76032
105.69714
105.58931
105.44409
105.27394
105.08017
104.85485
104.60722
104.42241
104.35388
104.4319
104.72358
104.64653
104.807
104.96477
105.19104
105.34322
105.47041
105.59374
105.70066
105.74356
105.71853
105.62725
105.48681
105.28337
105.04393
104.82373
104.62746
104.59739
104.6896
105.00978
104.14244
104.52451
104.81249
105.0467
105.2142
105.38187
105.52373
105.61649
105.66496
105.64945
105.55668
105.45098
105.30491
105.09764
104.90453
104.74148
104.73527
104.88754
105.19211
103.3488
103.82546
104.15756
104.49811
104.74358
104.96539
105.1925
105.39677
105.55316
105.64204
105.66737
105.59015
105.48619
105.28548
105.05493
104.8814
104.85217
105.05271
105.38414
102.62996
103.53683
103.86731
104.29386
104.70801
104.9842
105.17991
105.37004
105.51992
105.60315
105.60079
105.53923
105.43587
105.30022
105.09602
104.93252
104.89278
105.13379
105.49327
100.97632
101.72533
102.64193
103.21639
103.64318
104.18023
104.58207
104.92802
105.1895
105.44491
105.58546
105.62374
105.555
105.4415
105.22036
105.00052
104.93309
105.12794
105.56987
90.289443
90.464504
90.801311
91.248082
91.798847
92.532074
93.386139
94.40514
95.545258
96.773267
98.150272
99.58816
101.11232
102.69626
104.35893
106.05686
107.74912
109.50844
111.271
91.264963
91.440412
91.756625
92.253607
92.869481
93.634514
94.507223
95.519057
96.64885
97.864673
99.219114
100.62883
102.10065
103.63227
105.19945
106.79081
108.38716
110.01191
111.61767
92.220247
92.426204
92.776579
93.278384
93.921866
94.699954
95.602262
96.60352
97.728661
98.935567
100.24796
101.63375
103.06099
104.52178
105.98941
107.49362
108.99133
110.44852
111.8831
93.170326
93.404373
93.783822
94.297584
94.951261
95.732514
96.646223
97.656225
98.766703
99.972699
101.24564
102.58871
103.97193
105.37102
106.74936
108.12204
109.48385
110.82952
112.15984
94.10299
94.355002
94.74874
95.277346
95.95846
96.741111
97.653655
98.670541
99.764156
100.95497
102.18962
103.48506
104.81037
106.13817
107.42032
108.65155
109.8934
111.13706
112.33524
95.02272
95.287134
95.707535
96.255528
96.942039
97.746676
98.639202
99.644097
100.72343
101.86708
103.06448
104.30026
105.56341
106.81267
108.0063
109.1415
110.26469
111.40275
112.49496
95.927618
96.211219
96.629903
97.203778
97.880053
98.680293
99.580312
100.54827
101.61014
102.7228
103.89146
105.07624
106.2637
107.42437
108.51541
109.57281
110.60011
111.5807
112.53288
96.800296
97.103344
97.536127
98.099103
98.792331
99.580115
100.47873
101.4349
102.4734
103.53966
104.65292
105.79591
106.88719
107.95371
108.9595
109.90437
110.80953
111.69597
112.57932
97.652223
97.952631
98.411161
98.974708
99.666327
100.45378
101.33508
102.26764
103.25619
104.28337
105.32707
106.39908
107.42842
108.4126
109.31767
110.17972
111.00967
111.81525
112.60649
98.480927
98.795111
99.246416
99.825392
100.49878
101.26546
102.11917
103.04207
103.98962
104.96463
105.94783
106.96784
107.92557
108.81456
109.65883
110.42415
111.15001
111.87009
112.55581
99.262385
99.586869
100.03249
100.60464
101.26469
102.03643
102.86495
103.75119
104.66504
105.60566
106.53527
107.45757
108.34319
109.15692
109.90938
110.59882
111.24579
111.88327
112.50823
100.0104
100.35011
100.79441
101.37042
102.02002
102.76038
103.56841
104.42921
105.30101
106.16535
107.0267
107.88313
108.69439
109.44019
110.13486
110.7604
111.33523
111.89338
112.43345
100.71201
101.06278
101.5045
102.06308
102.71059
103.43397
104.2126
105.01818
105.84133
106.66415
107.47082
108.26254
109.02202
109.70078
110.30817
110.86545
111.37675
111.85792
112.32873
101.36881
101.72906
102.17979
102.72212
103.35027
104.04685
104.7964
105.5723
106.35332
107.12736
107.8892
108.61093
109.27875
109.88369
110.44321
110.94733
111.38907
111.81479
112.2287
102.00237
102.35885
102.80674
103.33812
103.95019
104.62798
105.34876
106.0898
106.82019
107.52818
108.21495
108.87158
109.49075
110.05271
110.55875
111.00933
111.39783
111.76523
112.1346
102.57975
102.93828
103.3842
103.90174
104.49228
105.13921
105.82123
106.52305
107.21086
107.87326
108.51565
109.12539
109.69624
110.21195
110.65752
111.0477
111.39112
111.69988
112.00209
103.11349
103.47441
103.9142
104.42304
104.99533
105.62008
106.27232
106.93755
107.58314
108.18848
108.77435
109.32884
109.84258
110.30033
110.71205
111.06171
111.35274
111.63781
111.91976
103.60487
103.96795
104.40698
104.90096
105.45608
106.04972
106.66043
107.28131
107.88854
108.46319
108.99826
109.50631
109.98372
110.41471
110.78174
111.07912
111.34255
111.59102
111.81748
104.0519
104.41286
104.84326
105.32574
105.85596
106.42193
107.00858
107.60194
108.17716
108.71619
109.20437
109.66311
110.08874
110.47176
110.80359
111.07974
111.32054
111.5297
111.72622
104.45023
104.81108
105.23373
105.71445
106.22917
106.77836
107.33671
107.89015
108.42229
108.91792
109.37011
109.78727
110.18662
110.54947
110.86005
111.11354
111.32453
111.50448
111.68137
104.81608
105.17901
105.59281
106.06065
106.56387
107.08079
107.61176
108.13353
108.63535
109.10401
109.53325
109.92834
110.29292
110.61613
110.89253
111.12189
111.30895
111.46941
111.62732
105.11172
105.47565
105.8869
106.34387
106.83486
107.34063
107.85351
108.356
108.84089
109.2825
109.68272
110.0418
110.37762
110.67245
110.93102
111.15044
111.32986
111.47957
111.61062
105.4001
105.76895
106.18075
106.63026
107.12136
107.61203
108.11301
108.58867
109.03495
109.44336
109.82247
110.16228
110.47769
110.75695
110.99132
111.19017
111.35273
111.49468
111.61075
105.58376
105.95204
106.36725
106.81083
107.29444
107.77431
108.2559
108.71984
109.17124
109.58177
109.95842
110.29096
110.57901
110.83558
111.04785
111.2356
111.39573
111.52618
111.62839
105.80193
106.18299
106.61361
107.06896
107.5653
108.0629
108.56261
109.02917
109.4424
109.81287
110.14495
110.44406
110.70577
110.94553
111.15152
111.31834
111.45305
111.56295
111.64784
105.88841
106.26945
106.69306
107.14789
107.63645
108.13063
108.60256
109.0486
109.47396
109.86723
110.21992
110.53718
110.80651
111.03475
111.22642
111.38402
111.50825
111.59827
111.65661
106.00622
106.41652
106.87997
107.37116
107.90165
108.47586
109.0036
109.48886
109.89205
110.25655
110.56954
110.84339
111.06583
111.25544
111.40007
111.51741
111.59645
111.65074
111.67278
113.0039
114.72457
116.44396
118.1512
119.8323
121.41753
122.94811
124.41983
125.77899
127.04881
128.1758
129.17455
130.0303
130.75525
131.30883
131.70244
131.92212
131.97996
131.84055
113.1584
114.75322
116.35474
117.91664
119.44881
120.9298
122.37849
123.75251
125.03414
126.22328
127.29127
128.23938
129.06147
129.7505
130.2743
130.64609
130.85515
130.90457
130.76426
113.33861
114.7861
116.20856
117.64545
119.07068
120.4462
121.78581
123.05929
124.26282
125.37986
126.38635
127.2946
128.0755
128.72126
129.21237
129.57732
129.77
129.79772
129.67309
113.43049
114.73949
116.06888
117.36925
118.64837
119.92619
121.17595
122.36341
123.48405
124.5312
125.48022
126.33603
127.06764
127.67566
128.15605
128.49052
128.66736
128.68392
128.56018
113.514
114.7009
115.85608
117.04494
118.2522
119.4381
120.55218
121.64928
122.70164
123.6766
124.56571
125.36617
126.07153
126.64112
127.08818
127.40191
127.55838
127.57132
127.45186
113.52259
114.56942
115.66742
116.76698
117.81875
118.87055
119.93147
120.97169
121.93017
122.83294
123.67793
124.42286
125.07294
125.60998
126.02928
126.31116
126.46517
126.47597
126.34516
113.49118
114.46764
115.42145
116.3882
117.38047
118.3914
119.35088
120.26462
121.16612
122.01172
122.7763
123.47383
124.08182
124.58553
124.97236
125.23588
125.38365
125.38047
125.23343
113.44154
114.29883
115.18264
116.07678
116.97012
117.85359
118.71077
119.57963
120.40449
121.16387
121.88109
122.54982
123.09948
123.56419
123.93403
124.1758
124.29944
124.29279
124.14875
113.35573
114.1329
114.91829
115.70699
116.51087
117.31453
118.11416
118.90351
119.65047
120.3836
121.05579
121.64199
122.15982
122.60175
122.93662
123.16421
123.26817
123.25629
123.09992
113.21782
113.92215
114.62714
115.34558
116.07179
116.81714
117.55683
118.27686
118.97565
119.62448
120.21355
120.77184
121.26426
121.66011
121.96721
122.16345
122.24763
122.23786
122.08205
113.10638
113.72728
114.35991
115.01491
115.68942
116.34722
116.98741
117.63105
118.24736
118.83794
119.42081
119.93768
120.365
120.72833
121.00023
121.18636
121.27476
121.22654
121.09004
112.95493
113.51063
114.08212
114.66332
115.23773
115.81091
116.41406
117.02632
117.60278
118.14814
118.66457
119.11476
119.5104
119.85365
120.1116
120.26925
120.33021
120.2924
120.14381
112.78611
113.27456
113.77558
114.29347
114.83359
115.40198
115.95355
116.47561
116.98412
117.47763
117.92364
118.33853
118.71277
119.01487
119.23208
119.37066
119.42611
119.36016
119.19924
112.62753
113.06891
113.53172
114.01574
114.49991
114.96254
115.42782
115.9095
116.38173
116.83087
117.25302
117.63924
117.96247
118.21344
118.41144
118.54605
118.57044
118.51766
118.37573
112.48735
112.86957
113.26504
113.67067
114.08317
114.5183
114.97261
115.40393
115.81421
116.22173
116.61718
116.94901
117.23729
117.4894
117.66796
117.7583
117.76835
117.70588
117.54322
112.3002
112.64899
113.01408
113.40183
113.79433
114.17816
114.55678
114.93944
115.31932
115.67726
116.01491
116.31849
116.59207
116.80344
116.94117
117.01777
117.03116
116.95083
116.80037
112.18826
112.50296
112.82151
113.14721
113.46978
113.8056
114.16006
114.51498
114.85416
115.1716
115.45721
115.74005
115.96432
116.13311
116.26938
116.33731
116.33858
116.26515
116.10788
112.0361
112.30197
112.5816
112.8814
113.18316
113.48283
113.77849
114.0763
114.38503
114.68273
114.95007
115.18163
115.38423
115.55658
115.66776
115.71303
115.68098
115.59033
115.42538
111.93697
112.18504
112.4369
112.69242
112.95351
113.22189
113.50058
113.76861
114.0244
114.27535
114.50813
114.71249
114.89343
115.0221
115.10154
115.13403
115.11034
115.02463
114.85742
111.86988
112.07181
112.28203
112.50512
112.73448
112.97626
113.21354
113.44795
113.67855
113.89666
114.09884
114.27164
114.40885
114.52367
114.59368
114.61602
114.57792
114.47193
114.31092
111.78112
111.96109
112.15017
112.34444
112.54664
112.75803
112.97457
113.19013
113.39691
113.58804
113.75972
113.91373
114.04564
114.12826
114.1662
114.15979
114.1077
114.00587
113.84329
111.74613
111.91052
112.07808
112.25481
112.43952
112.62187
112.79741
112.96912
113.14025
113.3067
113.4652
113.59607
113.69022
113.75509
113.78637
113.76371
113.69597
113.57272
113.40034
111.70759
111.83864
111.97686
112.1231
112.27283
112.41992
112.57267
112.73435
112.89124
113.03134
113.1519
113.2616
113.35195
113.40619
113.41368
113.38253
113.30992
113.20079
113.02684
111.70709
111.80924
111.92096
112.03964
112.16279
112.29193
112.42708
112.56248
112.69198
112.81456
112.92152
113.00906
113.07374
113.10425
113.10594
113.07629
113.00182
112.87349
112.71404
111.7098
111.78287
111.86445
111.95897
112.0653
112.18044
112.29856
112.41383
112.52451
112.62949
112.7241
112.80202
112.85623
112.88512
112.88653
112.84884
112.75874
112.62917
112.45273
111.69264
111.74348
111.80775
111.88534
111.97641
112.07756
112.18408
112.29312
112.39963
112.49983
112.59085
112.66689
112.72173
112.75108
112.74343
112.69082
112.60372
112.47407
112.28222
111.68665
111.72331
111.77661
111.84293
111.92133
112.01002
112.10741
112.21205
112.31942
112.42329
112.51917
112.59816
112.65429
112.68263
112.67448
112.62676
112.53121
112.37914
112.18171
111.93536
111.63598
111.29356
110.91589
110.50821
110.07956
109.64385
109.21138
108.78798
108.37658
107.98622
107.62611
107.30083
107.01142
106.7604
106.54827
106.37644
106.2465
106.16541
112.03909
111.75283
111.43123
111.07268
110.68493
110.27641
109.85625
109.43026
109.00715
108.59922
108.21316
107.84913
107.51249
107.20788
106.93778
106.70249
106.50177
106.33754
106.20538
112.22968
111.96829
111.65171
111.30268
110.93108
110.53676
110.12089
109.6988
109.27955
108.86853
108.46828
108.08828
107.73242
107.4041
107.10404
106.83388
106.5922
106.37672
106.18257
112.50173
112.22457
111.91731
111.57769
111.2007
110.80183
110.3879
109.95989
109.52816
109.10124
108.68628
108.28641
107.90324
107.54229
107.20696
106.90029
106.62021
106.36254
106.12541
112.79519
112.53822
112.23284
111.88328
111.49852
111.08554
110.65561
110.21485
109.77186
109.32484
108.87895
108.446
108.0392
107.65499
107.29577
106.95858
106.64211
106.34628
106.06916
113.18972
112.91317
112.58898
112.22502
111.82717
111.39984
110.94728
110.48445
110.00628
109.52642
109.06502
108.62581
108.19111
107.77176
107.37509
107.00012
106.64909
106.31991
106.0086
113.611
113.32852
113.00213
112.61414
112.19297
111.74354
111.26704
110.77111
110.27544
109.78182
109.29028
108.79747
108.31819
107.86839
107.43813
107.03162
106.64797
106.28766
105.944
114.08185
113.79562
113.45366
113.07344
112.64856
112.1688
111.66774
111.15271
110.61043
110.05803
109.51959
108.9971
108.49776
108.0104
107.53975
107.08962
106.66387
106.2616
105.87483
114.62545
114.33864
113.99818
113.5868
113.10818
112.61437
112.0887
111.51321
110.92409
110.36029
109.79543
109.22733
108.67179
108.1371
107.62281
107.13082
106.66885
106.22768
105.80517
115.22338
114.94037
114.5395
114.10777
113.62593
113.09225
112.51559
111.92381
111.33031
110.71938
110.08671
109.46919
108.86671
108.28336
107.72546
107.20296
106.69866
106.21202
105.74432
115.85156
115.52248
115.1659
114.72315
114.20737
113.64459
113.03757
112.41118
111.76422
111.08741
110.41346
109.76272
109.11312
108.47292
107.86526
107.2861
106.727
106.19286
105.67079
116.56268
116.23302
115.8422
115.3477
114.82068
114.23388
113.59146
112.91701
112.21458
111.48957
110.77544
110.06635
109.35972
108.67145
108.00511
107.3683
106.7611
106.17994
105.61483
117.30623
116.98432
116.55281
116.07101
115.51221
114.86185
114.1908
113.47158
112.70905
111.94891
111.19599
110.42061
109.63979
108.90308
108.19889
107.50783
106.83221
106.17525
105.55755
118.10369
117.76903
117.3491
116.82984
116.21802
115.55522
114.84644
114.0767
113.27668
112.46668
111.6346
110.79322
109.97583
109.18051
108.38077
107.59392
106.84309
106.13624
105.46092
118.97911
118.61699
118.15944
117.62277
117.00348
116.32654
115.5538
114.72843
113.88026
113.0091
112.10947
111.20219
110.30018
109.41287
108.53994
107.70141
106.90235
106.13073
105.36453
119.87015
119.51126
119.05195
118.48374
117.81785
117.07573
116.25962
115.40838
114.50555
113.55909
112.57863
111.60095
110.64836
109.70303
108.76876
107.85976
106.96933
106.09972
105.23892
120.82843
120.44458
119.9567
119.35859
118.66259
117.88214
117.05187
116.13689
115.154
114.14797
113.12592
112.10216
111.06134
110.01283
108.98996
107.99001
106.99662
106.03041
105.0975
121.80672
121.42334
120.91541
120.29873
119.58862
118.76861
117.8604
116.88307
115.85878
114.79753
113.68871
112.56642
111.42864
110.30199
109.19637
108.09523
107.01135
105.96471
104.9405
122.82673
122.43518
121.91361
121.26773
120.50742
119.6527
118.69145
117.67108
116.58752
115.43435
114.25433
113.05456
111.84011
110.62116
109.40323
108.20805
107.04298
105.89324
104.77256
123.88345
123.47727
122.93884
122.27257
121.48513
120.58855
119.58821
118.50119
117.34098
116.13641
114.87896
113.58067
112.2644
110.94755
109.62897
108.34052
107.05728
105.77725
104.53381
124.9622
124.54204
123.96829
123.28274
122.46154
121.51764
120.48805
119.35053
118.11918
116.84071
115.48589
114.10324
112.69483
111.27331
109.83752
108.42026
107.00759
105.61348
104.25161
126.05158
125.61381
125.03601
124.31821
123.46935
122.49602
121.41362
120.2165
118.92101
117.55896
116.12241
114.64576
113.13655
111.60116
110.0411
108.4786
106.9649
105.46698
103.97042
127.14871
126.71102
126.12259
125.38903
124.50381
123.48516
122.34844
121.08323
119.732
118.28469
116.76976
115.19956
113.57793
111.90471
110.2246
108.55122
106.89817
105.25375
103.5917
128.26392
127.8065
127.20966
126.4385
125.52351
124.4725
123.28401
121.96094
120.54729
119.0302
117.43179
115.74495
114.00011
112.22142
110.43131
108.60585
106.79692
104.9949
103.18003
129.37481
128.90647
128.28377
127.48899
126.54026
125.4503
124.20719
122.84146
121.35948
119.7648
118.06631
116.28527
114.44024
112.52737
110.60167
108.6429
106.65317
104.67537
102.71192
130.46362
129.98551
129.34112
128.52992
127.54245
126.4233
125.12855
123.71552
122.15261
120.493
118.70825
116.81923
114.8529
112.82759
110.76568
108.64179
106.47773
104.33591
102.20524
131.5305
131.05319
130.38914
129.55369
128.5454
127.38194
126.04473
124.57504
122.94623
121.21043
119.32526
117.34123
115.27496
113.11873
110.89642
108.63237
106.32078
103.98949
101.65479
98.099179
95.899277
93.241305
89.862783
85.280721
79.626195
70.72616
64.937658
42.129201
95.438109
92.792473
89.617265
85.718708
80.550798
74.132232
63.91142
57.856833
32.863629
92.800164
89.725919
86.067406
81.589529
75.74853
68.742563
57.320456
51.196357
23.749792
90.188599
86.687177
82.574411
77.564143
71.132557
63.380665
50.610356
44.311328
14.928151
87.620327
83.740915
79.130118
73.535202
66.517178
58.303216
44.083918
37.922169
5.9874522
85.100692
80.852036
75.862861
69.686534
62.009781
53.353815
37.674951
31.703984
-1.933917
82.699796
78.050583
72.646887
65.952941
57.71704
48.75371
31.396412
25.879633
-10.356581
80.359596
75.391421
69.616321
62.446451
53.398734
44.469334
25.314573
20.366509
-18.49225
78.133403
72.823881
66.724499
59.216468
49.303069
40.445185
19.36021
15.135122
-25.816014
76.059182
70.461606
63.965296
56.212798
45.203784
36.965265
13.65613
10.267075
-32.715433
74.101516
68.238438
61.383829
53.60061
41.280122
33.775036
8.2998971
5.9332475
-39.01423
72.314471
66.241037
58.896028
51.28135
37.569688
31.186828
3.2980765
2.0797836
-44.832092
70.630858
64.545915
56.5806
49.380404
33.932402
28.879151
-1.256014
-1.4290773
-50.002866
69.116896
63.089679
54.292508
47.823129
30.711099
27.0373
-5.2443263
-4.5703868
-54.209609
67.793026
62.01614
52.141419
46.599341
27.634318
25.358626
-8.6179577
-7.3940836
-57.727796
66.551746
61.156114
50.158396
45.743496
25.156463
23.933574
-11.220802
-9.6074737
-60.602638
65.553251
60.528506
48.450013
44.983124
23.153476
22.638967
-13.087222
-11.971092
-62.10223
64.693907
60.056861
47.256425
44.326853
21.902626
21.321155
-13.967162
-13.576142
-63.000072
64.04389
59.552601
46.476601
43.539893
21.535444
20.219265
-13.949215
-14.472338
-63.670886
63.702296
63.496289
63.639541
63.805069
64.223878
64.788571
65.257232
66.108218
66.872453
67.759578
68.820501
69.801992
70.939051
72.072983
73.263235
74.456598
75.605216
76.751326
77.863912
59.081439
58.557733
58.126544
57.977322
58.047551
58.430738
59.029324
59.820962
60.790149
61.801754
62.91339
64.105084
65.427873
66.7449
68.005923
69.257391
70.433319
71.475807
72.506123
46.333247
46.59816
47.20428
47.963855
48.7252
49.610361
50.601013
51.696694
52.980875
54.465256
55.995713
57.628104
59.193071
60.742774
62.185264
63.546816
64.795988
65.83958
66.803535
42.713859
42.025188
41.447715
41.269559
41.51674
42.205222
43.238319
44.454692
45.912959
47.455478
49.096483
50.893505
52.575496
54.431851
56.138598
57.690604
59.302317
60.517792
61.559828
21.836914
22.694391
23.851631
25.339295
26.898058
28.464294
30.166477
32.144777
34.356387
36.822427
39.384065
42.09921
44.756997
47.391284
49.894921
52.145222
54.128857
55.729613
56.997161
19.139981
18.421131
18.163356
18.439972
19.365715
20.93676
23.018955
25.439993
28.090881
30.909025
33.831732
36.820527
39.780186
42.700294
45.41754
47.963141
50.051264
51.800594
52.940669
-13.0722
-11.684627
-9.9548854
-7.9692845
-5.7241195
-3.2014411
-0.28963798
2.9697111
6.7983187
11.048103
15.740514
20.702635
25.862514
31.040303
36.055847
40.741438
44.703213
47.787978
49.3778
-15.051754
-15.023555
-14.174148
-12.645542
-10.165961
-6.9650118
-2.9663795
1.6190088
6.7082091
12.121011
17.915187
23.8628
30.134557
36.297244
42.363708
47.851672
52.590168
55.850063
56.839192
-63.551123
-62.373965
-60.448249
-57.669006
-54.183807
-49.851623
-44.759126
-38.832741
-32.150542
-24.574128
-16.163657
-6.9716363
2.830706
13.182835
23.822725
34.084525
43.691683
51.004309
55.423763
78.827627
79.774158
80.566971
81.128614
81.644006
81.934832
81.901694
81.782168
81.295053
80.361605
79.062685
77.382239
75.461519
72.947551
70.139121
67.480927
64.47648
62.042785
61.062237
73.314596
73.9122
74.510977
74.658256
74.792681
74.921182
74.331451
73.672027
72.964404
71.306271
69.227264
67.456122
65.121247
62.298603
59.699828
57.586306
55.874848
54.891988
55.182035
67.535828
67.926333
68.168528
68.006117
67.55538
67.094597
66.175455
64.903503
63.26571
60.989267
58.220128
55.38257
52.023749
48.499791
45.941735
44.092052
42.803773
42.909366
44.763789
62.350431
62.691586
62.681852
62.28328
61.397417
60.122042
58.465693
56.321851
53.789765
50.423871
46.3655
42.11097
37.44892
32.713959
28.982877
26.722568
25.920681
27.0182
30.532054
57.877608
58.390243
58.345001
57.866688
56.940992
55.646042
53.619994
50.598143
47.097272
42.677386
37.390306
31.519401
25.042716
18.461481
13.042331
9.1437262
7.3675842
8.7001527
12.898997
53.662964
54.051381
54.028785
54.172608
54.189217
53.753821
52.728112
50.709535
47.070451
42.414175
36.915112
30.663523
24.217017
17.589409
10.834309
6.185726
4.1391438
4.928485
8.894168
49.688061
48.630242
48.652849
50.048801
52.04421
53.01477
53.796202
58.449545
58.873206
50.571091
43.41283
36.111962
28.904725
21.914211
15.72987
11.586167
9.6829475
10.151509
13.355361
55.033139
48.352217
44.928962
47.027545
53.621209
56.127501
54.726845
57.101294
57.189442
55.466705
51.926562
46.794062
40.445212
33.381792
26.885384
22.063111
19.386796
19.247744
21.65694
54.189025
51.28213
50.636393
49.529756
48.556386
47.784062
49.748262
52.610321
52.196344
50.241869
46.562912
41.786126
36.070839
29.913299
24.125724
19.601668
16.86333
16.180179
17.80455
60.971124
62.062058
64.94843
70.092156
77.457261
86.06322
95.994447
106.34436
115.595
122.63811
127.16699
128.03696
126.1298
123.2015
120.13749
116.99027
114.14259
111.45934
109.09213
56.979016
60.41438
65.66639
72.419964
80.472152
88.934006
97.294193
105.66367
113.37758
120.33878
125.34385
128.79026
128.82798
125.2573
121.29158
117.3333
113.80288
110.7318
108.02953
48.153395
53.021378
59.417069
67.506799
76.321414
85.413268
94.13007
101.6792
108.81635
114.97678
118.25297
121.61388
122.31129
119.89607
116.5234
113.31031
110.25887
107.57525
105.15176
35.571437
41.935492
49.508497
58.081948
67.208539
76.109241
84.577036
92.437772
99.248904
104.50364
107.60334
109.40376
109.88618
109.39024
108.00295
106.33377
104.53194
102.76468
101.06906
19.560226
27.813987
37.151719
46.850263
56.479705
65.667816
74.050612
81.438087
87.833917
93.528409
95.902591
97.881719
98.997717
98.889092
97.794489
97.261143
96.729368
96.248458
95.679374
15.439439
23.514652
32.449497
41.916739
51.046168
59.653133
67.586061
74.582885
80.467601
85.315985
88.848591
90.719209
91.253886
90.681426
89.883035
88.88651
88.172464
89.133895
90.353479
18.860831
25.899982
33.883223
42.21074
50.576962
58.631827
65.915492
72.386644
77.992726
82.440806
85.763983
87.806776
88.480916
87.861728
86.1381
85.626837
86.703602
88.537033
89.230556
26.03746
31.835871
38.300084
45.23945
52.720898
60.029575
66.66905
72.909891
78.368185
82.646507
85.850876
88.092276
89.365414
89.708177
89.5784
89.398297
88.785991
88.819113
89.876975
21.801009
27.622535
34.656411
42.578235
50.852078
58.843501
66.261441
73.02424
78.775323
83.288308
86.683437
89.007282
90.220534
90.495815
90.008959
89.564877
88.987091
88.9241
88.196953
106.91375
105.03285
103.29684
101.67827
100.12743
98.623961
97.247642
95.967372
94.806064
93.690743
92.69272
91.766797
90.932337
90.188692
89.520622
88.949261
88.50004
88.188158
87.98416
105.67099
103.59614
101.71662
100.01219
98.399171
96.856962
95.396223
93.983042
92.650911
91.361163
90.161126
89.012198
87.969715
87.010747
86.199498
85.509527
85.008249
84.682535
84.545168
103.00515
101.08237
99.32156
97.689272
96.1228
94.607667
93.127066
91.649445
90.185426
88.734914
87.268367
85.82635
84.426904
83.095917
81.904156
80.815472
79.878657
79.040903
78.36845
99.462435
97.937694
96.508895
95.233307
93.867123
92.433305
90.915765
89.321743
87.651276
85.994831
84.274367
82.607371
80.965116
79.423963
78.014633
76.756771
75.718254
74.93149
74.489139
95.028961
94.386365
93.686381
92.886672
91.798703
90.496032
88.995727
87.284492
85.332452
83.188057
80.830749
78.411699
75.952215
73.568212
71.292091
69.23501
67.385219
65.753702
64.308065
90.916832
91.053399
90.706253
90.266832
89.646189
88.782478
87.519753
85.948564
83.93877
81.624766
79.016253
76.299014
73.508226
70.742525
68.073239
65.628732
63.458509
61.690425
60.387139
88.424029
88.74896
87.760672
86.986832
87.212305
87.344736
86.330932
84.112127
80.704286
76.638859
72.067649
67.405524
62.772077
58.392663
54.275819
50.626281
47.413628
44.722644
42.319408
91.553791
90.807548
86.559508
84.400667
88.74946
93.520395
94.671502
93.128887
89.575453
84.891425
79.393373
73.629005
67.786491
62.141067
56.727559
51.711905
47.186021
43.385194
40.345271
86.324561
85.677237
86.800083
88.639526
90.048862
94.094306
94.354485
89.088097
81.420804
72.215732
62.777492
53.342242
44.456123
36.172156
28.816702
22.182284
16.444328
11.441564
7.4042539
87.918745
87.979204
88.231822
88.664345
89.278921
90.081593
91.023452
92.120821
93.346491
94.651564
96.108477
97.677486
99.309836
101.0654
102.92401
104.83267
106.70292
108.66636
110.7339
84.618082
84.858285
85.226034
85.620192
86.084469
86.638103
87.354929
88.303123
89.430141
90.817617
92.42111
94.214237
96.184969
98.193605
100.29927
102.56563
104.84953
107.11289
109.4261
77.831436
77.474218
77.40546
77.735141
78.476823
79.55727
80.945956
82.550081
84.306427
86.193652
88.125044
90.214656
92.436361
94.696441
97.135034
99.721347
102.4003
105.09659
107.77961
74.388731
74.649829
75.157634
75.767188
76.29313
76.852672
77.537714
78.445624
79.660846
81.156119
82.955376
85.101354
87.518153
90.181405
93.051796
96.070376
99.233814
102.41522
105.62471
63.026208
61.93676
61.113981
60.842111
61.306904
62.479039
64.221047
66.444443
68.990029
71.784032
74.785115
77.916321
81.15547
84.488239
87.899517
91.414565
95.032002
98.713023
102.48878
59.681439
59.560764
59.972862
60.638154
61.438037
62.326312
63.306067
64.460812
65.85094
67.583226
69.696972
72.205788
75.113494
78.335646
81.920822
85.731046
89.800084
93.999142
98.344995
40.22011
38.37057
36.898451
36.039579
35.982386
36.737953
38.376291
40.744671
43.761352
47.374732
51.40493
55.827208
60.443185
65.302299
70.24308
75.410464
80.63735
86.045855
91.446299
38.180526
36.828839
36.407924
36.59711
37.293383
38.417328
40.056477
41.959561
44.242935
46.95997
50.02575
53.530404
57.41684
61.654598
66.260659
71.181013
76.249766
81.713204
87.142685
4.1415066
1.7406738
0.084149008
-0.70670189
-0.75142889
0.14226439
1.7615099
4.2933149
7.6289322
11.719525
16.437346
21.594199
27.405836
33.570483
40.050056
46.928959
54.141579
61.279098
68.982501
112.72606
114.62946
116.59759
118.56247
120.41913
122.1802
123.90696
125.5459
127.06548
128.48521
129.75539
130.87262
131.80713
132.61443
133.26226
133.68476
133.96141
134.0455
133.9092
111.84216
114.29664
116.53622
118.74884
121.08307
123.28015
125.29319
127.22864
129.06711
130.71069
132.21431
133.59425
134.79158
135.7786
136.55168
137.15327
137.46737
137.58036
137.52277
110.60787
113.4574
116.17488
118.88247
121.48826
124.03572
126.54973
128.85592
131.01837
133.01264
134.83701
136.46431
137.85743
139.04806
140.00376
140.71633
141.17211
141.38064
141.24493
108.88956
112.142
115.42005
118.59632
121.64419
124.69728
127.58024
130.28562
132.90989
135.30716
137.45684
139.33854
141.07624
142.54224
143.6161
144.5046
145.05624
145.27152
145.2484
106.27718
110.07393
113.88297
117.59918
121.27131
124.86339
128.21925
131.4067
134.49533
137.30112
139.82143
142.14152
144.14202
145.79601
147.2145
148.32493
148.96822
149.33723
149.30362
102.74339
107.20006
111.64322
115.97884
120.30903
124.42447
128.41446
132.24983
135.70693
139.0158
142.02712
144.65188
147.06461
149.05526
150.65467
151.88146
152.7761
153.20727
153.19079
96.894195
102.39955
107.74186
113.01326
118.0548
122.95432
127.68121
131.99158
136.15541
140.03251
143.5066
146.69859
149.48352
151.81182
153.73001
155.15928
156.12869
156.71785
156.79563
92.81847
98.352403
104.12024
109.73344
115.32005
120.8245
126.04443
131.08055
135.7534
140.26086
144.21273
147.91886
151.06595
153.70539
156.02472
157.7404
158.8946
159.56374
159.64537
76.345875
83.833145
91.436307
98.829197
105.97955
112.93819
119.74517
125.96798
131.99182
137.35237
142.56065
147.29721
150.89257
154.23334
157.12996
159.10847
160.47901
161.14374
161.20816
133.61133
133.07849
132.39328
131.49586
130.40142
129.16259
127.72303
126.11555
124.33148
122.44463
120.41613
118.19419
115.93396
113.60391
111.13202
108.60227
106.06169
103.43177
100.7697
137.14178
136.61163
135.81386
134.77588
133.59038
132.1102
130.41214
128.60051
126.6166
124.33709
121.9288
119.50216
116.84997
114.01295
111.14193
108.2089
105.20505
102.10643
98.995465
140.94322
140.32504
139.42296
138.28401
136.82099
135.16853
133.2793
131.13448
128.74608
126.21601
123.4879
120.51256
117.43798
114.21883
110.88961
107.49186
103.97496
100.42462
96.817814
144.85641
144.18036
143.16494
141.84428
140.23378
138.34
136.12761
133.67414
130.96173
127.95692
124.78892
121.45011
117.89706
114.17927
110.32627
106.36882
102.29625
98.223643
94.041893
148.88972
148.08699
146.97712
145.53795
143.59076
141.39978
138.94993
136.01943
132.8857
129.50183
125.85423
121.91136
117.7839
113.4846
108.95249
104.4335
99.709606
94.952682
90.130441
152.8347
151.9586
150.5682
148.96045
146.8992
144.24964
141.3517
138.08949
134.47885
130.56895
126.39672
121.92393
117.11711
112.17153
107.00751
101.72407
96.307899
90.750502
85.199996
156.26157
155.35243
153.88093
151.79247
149.49077
146.57648
143.2909
139.51596
135.34185
130.93578
126.04731
120.86218
115.36897
109.57398
103.56287
97.280021
90.854857
84.222222
77.497216
159.18331
158.06404
156.46822
154.08079
151.42077
148.22411
144.35536
140.3522
135.51059
130.37335
124.93143
118.85069
112.87555
106.24105
99.650037
92.774025
85.788047
78.932593
71.833794
160.59118
159.35618
157.61201
155.29234
151.87884
147.941
143.31116
138.03689
132.5165
126.14805
119.23713
111.85887
104.02739
95.997021
87.390612
78.921399
69.980496
60.688911
51.384562
)
;

boundaryField
{
    back
    {
        type            empty;
    }
    top
    {
        type            zeroGradient;
    }
    front
    {
        type            empty;
    }
    outlet
    {
        type            fixedValue;
        value           uniform 100;
    }
    bottom
    {
        type            zeroGradient;
    }
    inlet
    {
        type            zeroGradient;
    }
    wall
    {
        type            zeroGradient;
    }
}


// ************************************************************************* //
