/*--------------------------------*- C++ -*----------------------------------*\
  =========                 |
  \\      /  F ield         | OpenFOAM: The Open Source CFD Toolbox
   \\    /   O peration     | Website:  https://openfoam.org
    \\  /    A nd           | Version:  11
     \\/     M anipulation  |
\*---------------------------------------------------------------------------*/
FoamFile
{
    format      ascii;
    class       volScalarField;
    location    "14.1";
    object      p;
}
// * * * * * * * * * * * * * * * * * * * * * * * * * * * * * * * * * * * * * //

dimensions      [0 2 -2 0 0 0 0];

internalField   nonuniform List<scalar> 
5472
(
97.472807
95.112272
92.735794
90.370558
88.033696
85.731533
83.505146
81.368106
79.295471
77.332764
75.483589
73.753616
72.165378
70.693648
69.421501
68.267577
67.326721
66.589208
66.074737
98.151958
95.965744
93.741274
91.509585
89.286434
87.087678
84.941027
82.861575
80.846673
78.914062
77.078206
75.35997
73.771147
72.306879
71.038922
69.888119
68.933091
68.121827
67.495713
98.819482
96.797652
94.721755
92.625011
90.519212
88.428603
86.360984
84.337473
82.37276
80.470496
78.655665
76.95418
75.36008
73.915895
72.628648
71.479556
70.512291
69.69034
69.088168
99.423172
97.552627
95.623452
93.678506
91.691273
89.700251
87.718722
85.773304
83.862704
81.994535
80.203233
78.509158
76.934857
75.50365
74.205004
73.06292
72.087537
71.278919
70.674839
99.947714
98.238348
96.463771
94.634786
92.751478
90.870515
88.997312
87.135921
85.278677
83.459827
81.698795
80.025971
78.466743
77.036296
75.751949
74.620335
73.646465
72.842819
72.23842
100.42134
98.84262
97.21083
95.514328
93.76369
91.98687
90.209773
88.422282
86.634761
84.879422
83.145669
81.509866
79.978426
78.564087
77.283341
76.154588
75.193675
74.39965
73.801245
100.82908
99.402112
97.88421
96.291291
94.678703
93.024527
91.351605
89.642224
87.912372
86.205514
84.527539
82.930203
81.418821
80.03885
78.773678
77.657285
76.707343
75.921449
75.321303
101.17468
99.868497
98.482666
97.020862
95.523392
93.96816
92.394636
90.782535
89.146245
87.494825
85.869746
84.309305
82.830683
81.473024
80.220934
79.132869
78.18841
77.41588
76.836727
101.49403
100.3148
99.022229
97.672457
96.28853
94.845032
93.357713
91.827404
90.28565
88.699638
87.135026
85.62843
84.195136
82.857802
81.636669
80.567117
79.622909
78.875164
78.301716
101.75024
100.67311
99.514285
98.281134
96.974416
95.63407
94.269551
92.83649
91.355349
89.833756
88.336671
86.87009
85.483201
84.184302
83.003112
81.946727
81.028777
80.293271
79.726836
102.00202
101.01204
99.935699
98.805675
97.604828
96.364868
95.071543
93.737827
92.346781
90.909274
89.480768
88.072479
86.731728
85.461035
84.307164
83.269144
82.391297
81.669068
81.125151
102.18793
101.29212
100.32097
99.274527
98.175831
97.041973
95.833799
94.578027
93.250896
91.893164
90.532437
89.19942
87.90669
86.685745
85.566696
84.541795
83.688148
82.984976
82.464639
102.37503
101.55386
100.65924
99.707819
98.704464
97.643627
96.519237
95.348805
94.111312
92.831502
91.520875
90.24559
89.005748
87.840514
86.757861
85.776638
84.939134
84.24804
83.748612
102.50784
101.76773
100.96262
100.083
99.160905
98.182356
97.141831
96.045359
94.89751
93.694004
92.457425
91.238666
90.040351
88.921653
87.869684
86.934452
86.12996
85.477332
84.9896
102.6453
101.98062
101.24207
100.43679
99.586433
98.677252
97.711197
96.676011
95.59771
94.46852
93.31825
92.170439
91.039341
89.955346
88.939815
88.02589
87.239914
86.61675
86.150999
102.75055
102.15168
101.47552
100.73927
99.959019
99.132928
98.239682
97.269761
96.248579
95.175888
94.093694
93.006573
91.942121
90.90806
89.945112
89.065916
88.315521
87.711466
87.25924
102.86349
102.31041
101.69241
101.0176
100.29058
99.52577
98.704619
97.813824
96.860135
95.854742
94.832046
93.798636
92.778076
91.788084
90.862607
90.014254
89.294919
88.714242
88.288497
102.96477
102.46152
101.9006
101.27946
100.6055
99.888961
99.114801
98.282411
97.392034
96.457929
95.502879
94.535477
93.563806
92.616629
91.725862
90.918581
90.234421
89.669643
89.260771
103.06321
102.60342
102.08211
101.51012
100.89999
100.23797
99.510396
98.726948
97.883364
97.002117
96.100896
95.1843
94.264888
93.363483
92.507327
91.741083
91.081922
90.544461
90.148472
103.15911
102.74016
102.25671
101.7263
101.15952
100.54334
99.870692
99.138263
98.344874
97.514237
96.662101
95.79129
94.917857
94.060237
93.237772
92.494276
91.860731
91.345718
90.963174
103.26282
102.88234
102.43961
101.94441
101.40512
100.8252
100.19511
99.503422
98.757101
97.97195
97.161101
96.329966
95.493051
94.678713
93.909222
93.208945
92.584692
92.082737
91.71547
103.3568
103.01642
102.61101
102.15641
101.65769
101.11089
100.5103
99.852586
99.146851
98.404363
97.630437
96.83173
96.015522
95.210075
94.45056
93.761689
93.182081
92.698156
92.340519
103.45691
103.15156
102.78162
102.35965
101.89294
101.37794
100.81016
100.18448
99.508083
98.793229
98.056574
97.303178
96.540465
95.790739
95.055919
94.383292
93.791078
93.31262
92.964872
103.56476
103.29631
102.96749
102.58229
102.14559
101.66012
101.11836
100.51674
99.856484
99.148437
98.407317
97.642244
96.863041
96.095505
95.376277
94.735255
94.180235
93.713153
93.372321
103.6506
103.43101
103.14743
102.8003
102.39719
101.9451
101.44249
100.88708
100.27293
99.610764
98.913282
98.19047
97.454696
96.714569
95.985231
95.279333
94.67615
94.190523
93.847579
103.7392
103.57697
103.34007
103.02703
102.64394
102.19401
101.68067
101.10342
100.46981
99.783494
99.056218
98.304448
97.540896
96.788895
96.066879
95.422385
94.844444
94.365355
94.034938
103.80387
103.73241
103.59219
103.3792
103.09404
102.73274
102.29389
101.77977
101.18818
100.52541
99.801171
99.027563
98.230466
97.418913
96.610282
95.838884
95.15398
94.624348
94.270839
65.560425
65.210267
65.173774
65.276137
65.592555
65.988067
66.611054
67.31577
68.135516
69.126822
70.143313
71.374845
72.666685
74.121732
75.677698
77.29754
78.999373
80.72317
82.538637
67.040382
66.808322
66.813461
66.983795
67.382531
67.894411
68.685053
69.544952
70.632377
71.808641
73.119256
74.607854
76.155302
77.884515
79.637028
81.515423
83.415478
85.396136
87.403671
68.623765
68.434042
68.449172
68.708729
69.180359
69.869545
70.784203
71.844264
73.134284
74.493278
76.076119
77.73696
79.545521
81.433051
83.396093
85.466186
87.551851
89.744249
91.897916
70.212165
70.032138
70.087762
70.425148
71.001432
71.847222
72.887079
74.152799
75.580373
77.155144
78.906878
80.736365
82.70977
84.71462
86.84691
89.008433
91.233142
93.492718
95.711141
71.783359
71.617549
71.72363
72.140746
72.834562
73.800694
74.991868
76.398494
77.969896
79.713961
81.583115
83.56233
85.617226
87.738257
89.92032
92.117357
94.340844
96.530231
98.667125
73.341961
73.197463
73.355644
73.851317
74.647108
75.736466
77.056217
78.59101
80.309118
82.162092
84.142251
86.202448
88.310184
90.475604
92.629355
94.784198
96.877529
98.889805
100.76577
74.878
74.753685
74.962077
75.536723
76.446222
77.63871
79.067656
80.716094
82.526525
84.476515
86.526963
88.625883
90.749579
92.873555
94.941849
96.952776
98.822053
100.5707
102.13053
76.393887
76.290656
76.556309
77.206442
78.200723
79.469093
81.017853
82.757938
84.658707
86.66698
88.738884
90.832256
92.898243
94.918162
96.841134
98.637162
100.26042
101.73481
102.97911
77.87528
77.789272
78.102229
78.838591
79.905241
81.260542
82.892396
84.688695
86.649185
88.669795
90.737985
92.76006
94.734583
96.610776
98.33787
99.910445
101.28986
102.48338
103.46424
79.324105
79.257084
79.637411
80.4225
81.540954
82.983205
84.675581
86.526556
88.50758
90.508286
92.514008
94.431528
96.284523
97.963988
99.491761
100.83436
101.97751
102.9348
103.7034
80.718724
80.68561
81.118337
81.933307
83.116118
84.622494
86.348168
88.231155
90.188232
92.139846
94.052153
95.856497
97.540748
99.019133
100.34669
101.44958
102.3907
103.12335
103.66009
82.072409
82.091497
82.528499
83.380842
84.629259
86.18094
87.922732
89.798319
91.703545
93.586533
95.379217
97.034952
98.529635
99.818164
100.93137
101.80128
102.51659
102.95548
103.2111
83.370403
83.413493
83.857508
84.775075
86.063738
87.6294
89.374494
91.221551
93.0511
94.836479
96.48895
97.981015
99.281968
100.37312
101.25296
101.89138
102.3462
102.53016
102.56114
84.626832
84.670021
85.144839
86.104287
87.409367
88.981432
90.704448
92.489325
94.230429
95.897345
97.393816
98.715244
99.822105
100.70507
101.36217
101.79911
102.03884
102.10219
102.04936
85.806146
85.847842
86.365204
87.349731
88.658665
90.218636
91.907422
93.616949
95.259087
96.787518
98.126086
99.276163
100.18469
100.87422
101.36353
101.66607
101.80548
101.8741
101.90099
86.922189
86.97619
87.543277
88.508771
89.811696
91.346025
92.975452
94.59836
96.133082
97.514561
98.704346
99.686411
100.42526
100.97256
101.35945
101.61817
101.76811
101.91018
102.0825
87.954622
88.046966
88.614811
89.56757
90.880177
92.373552
93.935939
95.468807
96.887425
98.131731
99.177847
100.00346
100.6145
101.07804
101.42681
101.70851
101.92375
102.15378
102.39195
88.935877
89.040466
89.581215
90.553292
91.847965
93.27684
94.772901
96.214098
97.518528
98.642318
99.551523
100.25693
100.79043
101.23148
101.58836
101.9168
102.19247
102.46828
102.72247
89.841413
89.942506
90.498093
91.488059
92.721335
94.107396
95.536632
96.881522
98.077855
99.086087
99.891854
100.51272
101.0233
101.46162
101.84369
102.20229
102.50534
102.78833
103.03848
90.66151
90.751523
91.309506
92.261984
93.471438
94.825758
96.18152
97.436651
98.546698
99.450318
100.19374
100.77728
101.30043
101.73513
102.12395
102.47608
102.78181
103.06712
103.29664
91.431308
91.536506
92.113203
93.045894
94.229305
95.514432
96.786877
97.963634
98.98151
99.839831
100.52786
101.10045
101.61231
102.03204
102.39952
102.71356
103.00243
103.22517
103.35891
92.05296
92.147715
92.691055
93.614668
94.7928
96.044861
97.271137
98.395089
99.359242
100.19318
100.85689
101.42117
101.89121
102.29176
102.63308
102.88213
103.07583
103.17072
103.1452
92.695306
92.820346
93.401482
94.339739
95.456365
96.650657
97.825414
98.882923
99.798104
100.57103
101.19549
101.71706
102.13787
102.47812
102.70673
102.85104
102.899
102.80832
102.64255
93.097522
93.192894
93.748404
94.661568
95.806272
97.04283
98.216311
99.267874
100.16354
100.90492
101.51252
101.99097
102.35801
102.60488
102.73027
102.74329
102.60975
102.38765
102.14969
93.584347
93.742786
94.379278
95.342953
96.488168
97.66661
98.790398
99.784587
100.60593
101.26657
101.78083
102.15439
102.39565
102.50582
102.4979
102.37628
102.18321
101.9836
101.74377
93.767119
93.899874
94.505552
95.46609
96.631879
97.89554
99.087206
100.09291
100.90017
101.53965
102.02212
102.34852
102.51713
102.54077
102.43158
102.23175
101.97307
101.65348
101.312
94.001861
94.2231
94.995497
96.122199
97.448818
98.754878
99.8826
100.77819
101.45108
101.9366
102.24879
102.38633
102.34936
102.18281
101.94553
101.67019
101.38474
101.11673
100.90571
84.349408
86.226759
88.042928
89.914307
91.803887
93.608899
95.409448
97.002092
98.268705
99.054172
99.130478
98.102672
95.259474
90.390156
83.925316
75.108727
64.437944
51.990237
38.00282
89.411644
91.36628
93.194304
95.183954
97.073232
99.05013
100.96959
102.64904
104.12592
104.89369
104.651
103.1067
100.02353
94.998252
87.800719
78.370842
67.280547
56.035251
45.126747
94.083495
96.026696
97.916808
99.856707
101.75986
103.79771
105.60922
107.36623
108.63743
109.19495
108.80252
106.73203
103.11723
98.596658
92.513469
84.822633
76.01212
66.762128
58.227622
97.901721
99.790479
101.58594
103.35174
105.21857
107.03408
108.70602
110.17428
111.16161
111.67567
110.92905
108.46522
104.86606
100.62103
95.362822
89.295536
82.74028
76.186123
70.3821
100.66786
102.33319
103.84988
105.39596
107.01505
108.5379
109.94355
111.04047
111.81315
112.10528
111.55961
109.67733
106.56425
102.73027
98.134059
93.228903
88.265431
83.55976
79.572487
102.44046
103.79462
105.03062
106.29711
107.58241
108.7385
109.77249
110.50552
111.09725
111.39892
111.1375
109.77239
107.23156
103.87379
99.8488
95.709423
91.900903
88.594349
85.829149
103.46043
104.55307
105.51568
106.49906
107.4566
108.25852
108.96225
109.45067
109.95968
110.03398
109.50662
107.96972
105.52689
102.46562
99.120597
95.67896
92.531247
90.136782
88.587909
104.03118
104.88146
105.60451
106.39249
107.08223
107.66522
108.20087
108.53264
108.50965
107.93115
106.6715
104.42262
101.49564
98.204726
95.09341
92.626415
90.31293
88.268802
87.156771
104.30007
104.9187
105.48987
106.05731
106.42996
106.55862
106.18724
106.37333
105.73326
104.20995
101.61875
98.129216
94.111807
90.221279
86.878691
84.57128
83.499084
83.547233
84.194223
104.3379
104.79689
105.28136
105.64582
105.7599
105.41895
104.43536
102.88547
100.51213
97.204225
92.982047
87.96014
82.430554
77.473378
74.273428
72.668425
72.612919
74.244352
76.931089
104.02129
104.38615
104.77212
104.98903
104.89597
104.29504
102.78482
100.21771
95.896388
89.634884
82.479056
74.707447
66.856092
59.894661
54.678768
52.059177
52.525577
55.583754
60.541001
103.29706
103.49401
103.71914
103.74549
103.47377
102.79945
101.59226
99.438682
94.855658
86.8587
76.502354
64.661975
52.19071
40.192882
30.15114
24.842244
26.010527
33.260782
43.648491
102.37437
102.32734
102.29152
101.99417
101.31225
100.05773
98.092213
95.01852
90.296442
83.089493
73.744607
62.963064
51.742054
41.339858
33.986257
31.10144
33.369197
40.442616
50.090125
101.80023
101.70263
101.57231
101.23911
100.53305
99.455588
97.951413
95.74685
92.744924
88.624923
83.287293
77.17001
70.814534
64.606412
59.907064
57.400558
57.53065
60.589736
65.919531
101.83051
101.82324
101.75376
101.5256
101.0525
100.47448
99.650945
98.508394
97.022778
95.016539
92.464417
89.572587
86.322232
83.238637
80.708695
78.254755
76.789559
77.279542
79.36597
102.18434
102.24655
102.22171
102.07444
101.82284
101.52079
101.05781
100.42993
99.574364
98.389195
96.979208
95.260751
93.212551
91.130109
89.004891
87.506319
86.970965
86.816052
86.687365
102.60082
102.71794
102.72618
102.67254
102.54469
102.40154
102.14819
101.7737
101.24179
100.50164
99.587817
98.382512
97.049255
95.670885
94.030906
92.326959
90.774888
89.509555
88.332855
103.01312
103.19932
103.28654
103.28834
103.30399
103.29155
103.18877
102.9753
102.59946
102.06364
101.27761
100.25931
99.129505
97.699583
95.857852
93.706422
91.3947
88.923985
86.071176
103.40192
103.62358
103.72723
103.80354
103.95107
104.06727
104.10141
104.0548
103.93403
103.64306
102.87089
101.5045
99.951233
98.056958
95.68415
92.746828
88.854029
83.805873
78.11496
103.61188
103.7914
103.92181
104.10274
104.26755
104.4171
104.41959
104.38529
103.93705
102.8595
102.41915
102.64015
102.1959
100.66732
97.909601
94.774281
90.794288
86.018837
80.871086
103.52899
103.65959
103.83116
104.05803
104.24002
104.36331
104.42735
104.23994
104.38275
103.57531
102.20181
101.42835
100.37177
98.848135
96.910573
94.641326
91.99605
89.215974
86.581559
103.07693
103.19182
103.40589
103.59627
103.74711
103.8358
103.92945
103.66367
103.42566
102.24578
100.16999
98.964468
98.241212
97.093408
95.759368
94.373115
93.032758
92.032363
91.490992
102.43602
102.52337
102.66181
102.77381
102.86732
102.91854
102.99426
102.96139
102.88661
102.38515
100.90843
98.487477
95.185618
91.445935
88.551501
87.290605
87.217162
88.179707
89.939622
101.88857
101.87702
101.90992
101.93157
101.87543
101.76964
101.5783
101.24444
100.6929
99.516523
97.352429
94.757391
92.378452
90.517525
88.822194
87.20508
86.306368
86.571922
88.152649
101.55089
101.50956
101.48581
101.43276
101.33019
101.25649
101.15451
101.051
100.99463
100.86781
100.5156
99.8694
98.861299
97.325864
95.333562
93.413404
92.393038
92.306143
93.043139
101.07133
101.10921
101.19008
101.23751
101.25825
101.26357
101.24041
101.14543
100.91738
100.58292
100.19931
99.384541
98.310248
98.317203
99.144867
99.672511
99.610757
99.214791
98.681184
100.71683
100.80368
100.87579
100.91208
100.92528
100.96658
101.03285
101.15066
101.2842
101.46324
101.78477
102.17851
102.49271
102.20057
101.34302
100.45716
99.839708
99.412433
99.069427
24.647359
15.480249
10.944423
11.845871
17.29044
25.916945
36.650654
47.694919
57.877068
66.885425
74.690347
80.871064
85.551987
89.220831
91.883812
93.86172
95.240741
96.166717
96.781019
35.670686
29.028544
26.026332
27.18487
31.776395
38.592198
46.593553
54.867296
62.78632
69.921934
75.994576
81.206955
85.257548
88.549946
91.111014
93.044564
94.521888
95.553701
96.328735
51.336861
46.770972
44.808482
45.499992
48.435974
53.07893
58.606756
64.317995
69.722489
74.809477
79.25137
83.028835
86.278603
88.927632
91.137644
92.922832
94.305578
95.392733
96.223701
65.794001
62.814627
61.672026
62.2715
64.075633
66.693996
69.961189
73.534306
77.148988
80.4392
83.507475
86.13297
88.535893
90.598201
92.301949
93.77246
94.945288
95.821903
96.548098
76.580973
74.856479
74.215918
74.435863
75.592505
77.395686
79.529572
81.645531
83.833341
85.99177
88.043136
89.842711
91.465859
92.998014
94.250567
95.338866
96.264394
96.863499
97.352843
83.960851
82.855737
82.352035
82.842395
83.825534
85.102163
86.533322
88.057411
89.630089
91.065605
92.328945
93.512816
94.559147
95.58432
96.507153
97.257281
97.887049
98.34235
98.585349
87.59397
87.181453
87.380064
87.982346
88.936129
90.199777
91.565562
92.697307
93.845757
95.031837
95.98103
96.804989
97.460964
98.121788
98.749761
99.265258
99.701516
100.02109
100.073
87.001494
87.660045
88.99346
90.601717
92.027705
93.28168
94.663862
95.953211
96.998934
98.003943
98.762102
99.411968
99.935508
100.32986
100.77203
101.14176
101.45416
101.64007
101.58734
85.471472
87.079271
88.988928
91.295412
93.54746
95.416074
96.891017
98.23602
99.329464
100.27351
101.0391
101.54389
101.92927
102.19976
102.46524
102.70635
102.93226
103.03931
102.92393
80.300096
83.780113
86.994557
90.270564
93.563194
96.34958
98.392081
99.973597
101.25745
102.11057
102.76594
103.27508
103.57999
103.74414
103.88437
104.02639
104.14052
104.20993
104.05213
66.994435
73.901249
80.521184
86.303042
91.44621
95.606841
98.566512
100.6071
102.24905
103.36696
104.02048
104.44531
104.73523
104.89566
104.95397
105.03068
105.08836
105.11178
104.96615
55.162676
66.125292
75.530307
83.213498
89.479734
94.49626
98.065851
100.47207
102.3141
103.6065
104.48239
104.96902
105.27703
105.4738
105.56842
105.63385
105.68223
105.69047
105.5874
60.284278
70.181805
78.827397
85.9179
91.563654
95.924224
98.944981
100.94477
102.55975
103.71434
104.51305
105.07943
105.46452
105.71542
105.85578
105.94416
106.0059
105.99971
105.92871
72.311665
78.856714
85.028678
90.430617
94.856274
98.301121
100.78014
102.19374
103.55278
104.74297
105.23363
105.55385
105.83272
106.05161
106.16665
106.20922
106.25906
106.24042
106.1324
82.390623
85.71482
89.385166
92.978831
96.227502
99.055252
101.37458
103.20935
104.71606
105.05461
105.50808
106.22558
106.41757
106.50457
106.55159
106.52958
106.5093
106.47361
106.3431
87.044294
88.116144
89.803141
91.956071
94.190134
96.558213
99.081025
101.36478
103.26394
104.67238
105.50673
105.70868
106.15459
106.47217
106.61087
106.63225
106.57455
106.53757
106.42909
87.296954
86.920522
87.182842
88.01938
89.342261
91.009524
93.250711
96.037847
98.883334
101.32247
103.49986
105.17698
105.89379
106.37497
106.50603
106.54004
106.47143
106.3753
106.32258
83.212261
80.468264
78.106747
77.021438
77.728031
79.93602
83.238231
87.751547
93.336548
98.81793
102.86222
104.32278
105.16658
105.71178
105.91616
105.98847
105.95384
105.83556
105.80505
72.578683
68.14058
65.87259
66.188264
69.012097
74.068629
81.157928
88.110987
93.792076
98.169319
101.27111
103.08128
104.02311
104.50951
104.7976
104.99972
105.068
105.0492
105.03918
75.642372
71.217909
69.043031
69.49774
72.2954
76.865319
82.571088
88.34533
93.406159
97.342314
99.991767
101.62563
102.64798
103.33403
103.79198
104.13105
104.31712
104.40369
104.47959
84.487934
83.321205
83.367153
84.603292
86.951872
90.083833
93.388664
96.360578
98.822922
100.65145
101.8815
102.70805
103.24745
103.62601
103.87931
104.07054
104.20277
104.25834
104.31937
91.647574
92.707377
94.520413
96.303047
97.774886
99.284701
100.86334
102.18273
103.11299
103.68868
104.00707
104.22355
104.30876
104.34952
104.33379
104.31154
104.31335
104.28182
104.2684
92.015188
94.078013
96.163889
98.388855
100.33154
101.65855
102.69261
103.77943
104.49465
104.7315
104.78246
104.6965
104.59997
104.48663
104.39431
104.29225
104.20163
104.13627
104.05495
90.228092
92.970702
95.553355
98.028276
100.2931
101.85777
102.8224
103.17039
103.7223
104.28809
104.42536
104.37583
104.32807
104.1669
104.06285
103.95006
103.83881
103.731
103.67732
94.323206
95.890441
97.561237
99.167602
100.50391
101.35894
101.81244
101.78586
102.92098
103.77411
103.64099
103.67838
103.53602
103.4616
103.35449
103.24338
103.13394
102.96037
102.88651
98.088679
97.582514
97.389111
97.614461
98.32398
99.695929
101.6265
103.40707
103.70473
102.85085
102.26695
102.30886
102.23666
102.19802
102.14817
102.08824
102.02409
101.91267
101.89902
98.874204
98.858809
98.958396
99.051979
99.02701
98.939582
98.688026
98.680233
99.179835
100.17116
100.78271
100.84902
100.83256
100.80324
100.79791
100.80284
100.81511
100.80564
100.7836
97.059972
97.14605
97.037153
96.761687
96.311308
95.792743
95.180982
94.537669
93.836802
93.150644
92.466023
91.788781
91.160675
90.538055
89.955932
89.475744
89.07842
88.784184
88.612431
96.838878
97.103545
97.192753
97.103411
96.826977
96.453008
95.959844
95.41544
94.809309
94.122629
93.47171
92.764635
92.103547
91.477775
90.892372
90.404217
90.014382
89.728051
89.564743
96.870742
97.272705
97.504577
97.541533
97.412064
97.151278
96.762102
96.272302
95.738787
95.076563
94.422005
93.726981
93.025442
92.387982
91.803891
91.3046
90.905717
90.64932
90.51087
97.173119
97.56477
97.803242
97.932698
97.888704
97.708247
97.419164
96.992019
96.518412
95.926298
95.292142
94.62834
93.929295
93.278021
92.684316
92.183096
91.784725
91.533945
91.447502
97.793574
98.0492
98.223205
98.342722
98.324636
98.198579
97.976344
97.61964
97.191413
96.668308
96.082805
95.458943
94.792847
94.143696
93.558213
93.040378
92.671444
92.407971
92.354124
98.756479
98.81975
98.863795
98.896409
98.84033
98.72211
98.520467
98.223587
97.844735
97.370505
96.825271
96.236659
95.606617
94.967792
94.399549
93.884296
93.516734
93.28821
93.239784
99.964995
99.845035
99.729661
99.612868
99.484492
99.310363
99.098448
98.823325
98.462757
98.036403
97.529358
96.963613
96.380323
95.764609
95.193572
94.706351
94.32905
94.144435
94.105064
101.31259
101.01238
100.74244
100.48269
100.2379
99.994776
99.737369
99.442365
99.091941
98.684962
98.213154
97.670598
97.096309
96.530315
95.959772
95.501712
95.132613
94.960233
94.955732
102.58927
102.19543
101.79634
101.41967
101.08053
100.7439
100.42004
100.0854
99.713956
99.318821
98.859134
98.35878
97.789904
97.249834
96.698366
96.250295
95.901651
95.75819
95.776706
103.69302
103.27429
102.83393
102.36692
101.93478
101.54232
101.14031
100.76609
100.35877
99.949967
99.491468
99.003851
98.467033
97.939242
97.413649
96.97884
96.641493
96.507476
96.571161
104.61421
104.19681
103.74108
103.27146
102.77633
102.32602
101.87412
101.4522
101.01774
100.57983
100.11255
99.630712
99.109388
98.595929
98.0979
97.667463
97.361983
97.21463
97.341957
105.30658
104.95472
104.51183
104.05941
103.56247
103.08001
102.59447
102.12642
101.6621
101.20529
100.72641
100.24082
99.727839
99.216021
98.754234
98.323741
98.067274
97.922789
98.059138
105.72878
105.48078
105.12824
104.71394
104.24808
103.7623
103.26626
102.78093
102.28858
101.80693
101.31991
100.82329
100.3277
99.802426
99.372725
98.953422
98.704772
98.602248
98.728418
105.95144
105.79821
105.54738
105.21806
104.8103
104.35369
103.86401
103.3796
102.88252
102.38494
101.8979
101.37938
100.89998
100.37422
99.939127
99.561985
99.304334
99.247472
99.376512
106.12684
106.01596
105.81492
105.56733
105.23629
104.8376
104.39068
103.91425
103.42613
102.91236
102.42704
101.90967
101.41418
100.92323
100.47129
100.13647
99.872673
99.840047
99.988625
106.24257
106.14083
105.9748
105.77562
105.52591
105.20085
104.81437
104.35883
103.90438
103.40335
102.91215
102.41372
101.9113
101.437
100.97107
100.63297
100.40452
100.38488
100.56005
106.22931
106.16923
106.0494
105.89826
105.72046
105.4547
105.14547
104.7375
104.30415
103.84263
103.36021
102.87056
102.36446
101.91006
101.45481
101.11732
100.90832
100.89969
101.09827
105.91364
105.98624
105.98132
105.90055
105.79352
105.59411
105.34855
105.02408
104.62681
104.19109
103.72718
103.26712
102.77586
102.33344
101.90576
101.56109
101.36603
101.36268
101.5795
105.35383
105.56163
105.72119
105.76277
105.74913
105.64883
105.46785
105.22833
104.89446
104.50722
104.06771
103.64148
103.17119
102.71107
102.30798
101.97083
101.79765
101.80684
102.03006
104.7927
105.05838
105.30081
105.4673
105.55438
105.56588
105.46791
105.30911
105.05571
104.72947
104.30371
103.89521
103.47395
103.04113
102.65871
102.33148
102.16147
102.16783
102.41452
104.47284
104.67138
104.8995
105.12649
105.29446
105.39969
105.39908
105.32312
105.15355
104.90693
104.61454
104.20164
103.79983
103.37051
102.98259
102.67249
102.50236
102.54539
102.78975
104.29704
104.45488
104.62283
104.82322
105.01656
105.16939
105.25201
105.24811
105.15487
104.96002
104.70533
104.36174
103.97186
103.58957
103.22696
102.94208
102.78783
102.82464
103.08701
104.04143
104.23133
104.39396
104.5698
104.75129
104.92749
105.07385
105.1413
105.12454
105.00612
104.81403
104.56973
104.24563
103.87613
103.50239
103.20092
103.05055
103.10288
103.37248
103.77094
104.01993
104.21926
104.41792
104.59825
104.75705
104.9111
105.01658
105.04544
104.99053
104.83109
104.58062
104.2915
103.95965
103.63416
103.3653
103.22878
103.29656
103.58212
103.19348
103.54023
103.80719
104.03412
104.24853
104.44917
104.64832
104.82958
104.95025
104.97472
104.9008
104.74201
104.50912
104.22036
103.8799
103.57496
103.4039
103.47697
103.77137
102.45418
103.02776
103.52133
103.9106
104.21709
104.44294
104.60549
104.77207
104.88196
104.92126
104.87468
104.72627
104.50087
104.21726
103.91161
103.63146
103.47038
103.55671
103.88953
101.27776
101.80359
102.35189
102.8838
103.36222
103.77363
104.12858
104.4169
104.65756
104.82775
104.89144
104.84689
104.69616
104.45436
104.15241
103.81294
103.5636
103.60265
103.96057
88.58502
88.746102
88.992255
89.391178
89.89387
90.577475
91.41736
92.370109
93.481427
94.693842
95.982186
97.423834
98.919286
100.50272
102.14523
103.81899
105.54027
107.25262
108.98148
89.56606
89.709501
89.979792
90.437692
91.009921
91.716196
92.554425
93.534342
94.628608
95.820145
97.105434
98.522373
99.967004
101.47544
103.04763
104.61711
106.22169
107.80293
109.38083
90.551089
90.700655
91.010442
91.483655
92.092835
92.825093
93.677752
94.671661
95.73884
96.928717
98.197973
99.549121
100.97152
102.41319
103.88406
105.3622
106.84699
108.3101
109.73519
91.510657
91.710322
92.03247
92.528771
93.144074
93.901538
94.759536
95.747901
96.816127
97.977557
99.240502
100.5406
101.90742
103.30371
104.6923
106.04986
107.38957
108.73165
110.03553
92.448201
92.672077
93.032347
93.527764
94.175732
94.935659
95.806692
96.791686
97.857812
98.992799
100.20508
101.47784
102.78618
104.09942
105.40385
106.65081
107.85927
109.04425
110.23395
93.38771
93.619879
94.016284
94.524076
95.16724
95.943055
96.824168
97.792314
98.834678
99.954395
101.13841
102.33523
103.5776
104.81519
106.01511
107.1693
108.25373
109.31286
110.3892
94.27497
94.547853
94.934913
95.469986
96.135119
96.898476
97.780697
98.733036
99.762255
100.83347
101.96488
103.13979
104.29231
105.44184
106.54193
107.59049
108.59308
109.54516
110.48114
95.148271
95.440364
95.880279
96.395376
97.065161
97.825677
98.692104
99.634145
100.63477
101.68233
102.74164
103.84921
104.95126
106.00992
107.01109
107.95709
108.84855
109.7073
110.53912
96.006181
96.305147
96.734512
97.27689
97.933213
98.698063
99.544105
100.46507
101.42327
102.43546
103.46459
104.49053
105.50409
106.48096
107.39162
108.24875
109.06452
109.83029
110.56362
96.814789
97.137473
97.569095
98.121544
98.77091
99.527628
100.36019
101.26674
102.19567
103.14487
104.10295
105.06156
105.99859
106.89879
107.73943
108.50678
109.21091
109.88797
110.57006
97.590684
97.936251
98.37363
98.923917
99.567265
100.30775
101.11838
101.9821
102.87249
103.76798
104.66817
105.55907
106.42714
107.25378
108.01163
108.69651
109.32249
109.91589
110.51742
98.331216
98.683135
99.134228
99.674248
100.30675
101.01963
101.80538
102.64098
103.49984
104.35062
105.19914
106.03262
106.81836
107.55469
108.23421
108.84717
109.41689
109.93421
110.44965
99.036407
99.38646
99.843984
100.37255
100.99832
101.70413
102.46641
103.26721
104.07713
104.87055
105.65311
106.39773
107.11051
107.78401
108.40692
108.96229
109.46666
109.93227
110.37714
99.702566
100.05787
100.5178
101.04449
101.65336
102.32889
103.04705
103.80088
104.56741
105.30676
106.03706
106.73581
107.3997
108.02121
108.57728
109.06343
109.49648
109.90259
110.29086
100.32473
100.68197
101.13847
101.65851
102.23838
102.89205
103.58385
104.30352
105.03409
105.73684
106.40676
107.04
107.63081
108.17806
108.66566
109.1021
109.48665
109.83725
110.17093
100.90393
101.26204
101.70851
102.21255
102.78635
103.4191
104.07447
104.75393
105.43647
106.09046
106.69371
107.25876
107.79911
108.3126
108.76635
109.16748
109.51134
109.81491
110.11023
101.44626
101.80258
102.24151
102.74041
103.29394
103.8898
104.50559
105.14663
105.7819
106.39392
106.95957
107.48665
107.98254
108.44678
108.85371
109.19308
109.47402
109.72522
109.97802
101.93223
102.28777
102.71457
103.19889
103.72572
104.30602
104.89603
105.50595
106.10758
106.67621
107.20006
107.6774
108.11806
108.52064
108.88328
109.19203
109.45878
109.68795
109.90509
102.38746
102.74185
103.16148
103.64325
104.18643
104.70478
105.25796
105.82622
106.38442
106.90463
107.38354
107.82268
108.22702
108.59979
108.94078
109.22615
109.45968
109.65277
109.82646
102.78431
103.13548
103.53839
103.99167
104.45771
104.99187
105.54995
106.09455
106.61695
107.10832
107.55733
107.97089
108.34704
108.67995
108.98499
109.23592
109.43639
109.60266
109.75103
103.16051
103.50382
103.90005
104.34583
104.82697
105.33658
105.85491
106.3567
106.84736
107.3083
107.72668
108.09627
108.43635
108.73902
109.01599
109.25067
109.43853
109.59855
109.73652
103.44984
103.79145
104.18485
104.61353
105.0861
105.56594
106.05824
106.55765
107.03358
107.46699
107.85766
108.20046
108.5226
108.81752
109.07588
109.29082
109.4527
109.58745
109.69971
103.75315
104.09171
104.491
104.92184
105.39463
105.87539
106.36349
106.82014
107.24187
107.6316
107.99965
108.33115
108.63072
108.90125
109.12879
109.32218
109.46562
109.58612
109.69412
103.94206
104.26972
104.66877
105.08806
105.5365
105.99378
106.44899
106.89465
107.33747
107.75275
108.12383
108.44776
108.72827
108.98021
109.18926
109.36553
109.50322
109.61262
109.70141
104.1548
104.50293
104.91294
105.35022
105.81902
106.30036
106.78297
107.25028
107.65812
108.01548
108.32905
108.61136
108.86115
109.08902
109.27725
109.42733
109.54366
109.63563
109.7104
104.25172
104.59353
104.99326
105.42046
105.8792
106.35228
106.80934
107.24105
107.64589
108.02799
108.36857
108.67667
108.94209
109.16416
109.33928
109.47663
109.58787
109.67179
109.72687
104.35341
104.73153
105.16213
105.63809
106.14399
106.68226
107.196
107.67503
108.07578
108.43241
108.73522
108.99778
109.20725
109.37864
109.50587
109.60992
109.67997
109.73025
109.74972
110.72121
112.45143
114.15753
115.85618
117.54238
119.13209
120.67109
122.15453
123.52751
124.79942
125.93805
126.95649
127.82554
128.57415
129.15245
129.57527
129.81357
129.88928
129.7906
110.93682
112.51032
114.11526
115.66832
117.18869
118.67701
120.13656
121.52029
122.79843
123.99073
125.06411
126.0266
126.8609
127.57221
128.12426
128.52201
128.74371
128.81335
128.70581
111.12258
112.58483
114.02457
115.42465
116.84066
118.22994
119.56538
120.84505
122.05195
123.16323
124.17741
125.10027
125.88903
126.55748
127.08023
127.44588
127.65884
127.71984
127.60053
111.29486
112.56747
113.87493
115.18747
116.46477
117.73004
118.97779
120.17541
121.27996
122.33055
123.29729
124.15493
124.91041
125.53032
126.02108
126.36797
126.56404
126.6105
126.49098
111.38374
112.53455
113.72314
114.90068
116.08336
117.26073
118.38068
119.46983
120.53044
121.51258
122.40058
123.21221
123.92192
124.50213
124.96274
125.28559
125.47244
125.49852
125.37469
111.43035
112.47148
113.54416
114.6291
115.69679
116.75613
117.79291
118.81242
119.77269
120.67731
121.52121
122.27894
122.92168
123.47164
123.9021
124.19888
124.363
124.37166
124.25927
111.42167
112.39091
113.33887
114.29893
115.28985
116.26556
117.2013
118.12556
119.02588
119.87512
120.63221
121.3341
121.94801
122.46236
122.86212
123.12672
123.26974
123.28169
123.1504
111.36838
112.23704
113.10832
114.00155
114.87352
115.73671
116.60984
117.46887
118.28851
119.04854
119.77056
120.43447
121.001
121.47341
121.83628
122.0843
122.2156
122.20645
122.07657
111.31757
112.1006
112.88198
113.65731
114.44661
115.25257
116.04686
116.83308
117.5652
118.26502
118.94264
119.54499
120.05852
120.49506
120.81975
121.0492
121.16213
121.16406
121.0314
111.23698
111.91102
112.59636
113.30949
114.04373
114.77623
115.49216
116.17506
116.85338
117.52638
118.14205
118.67447
119.14431
119.54644
119.8497
120.06432
120.15433
120.13271
119.98858
111.10309
111.71843
112.34782
112.9932
113.63581
114.27924
114.92511
115.58082
116.21487
116.80083
117.33119
117.82886
118.27434
118.64282
118.91897
119.09104
119.15925
119.13932
118.99004
110.9678
111.52223
112.08444
112.6548
113.2255
113.82666
114.42475
114.98955
115.53423
116.07099
116.57441
117.02877
117.43642
117.75725
117.99211
118.16342
118.24052
118.20016
118.04536
110.82666
111.31652
111.82264
112.34374
112.86278
113.37554
113.88658
114.41001
114.92361
115.4089
115.85664
116.28384
116.64538
116.90779
117.1523
117.3046
117.33392
117.28868
117.15696
110.66894
111.08883
111.53837
111.99989
112.46661
112.94369
113.42571
113.88751
114.33237
114.7733
115.19293
115.57156
115.8697
116.15166
116.3563
116.43286
116.48682
116.44617
116.27103
110.51939
110.91502
111.31755
111.729
112.14023
112.55142
112.9676
113.38938
113.81385
114.2107
114.57622
114.88796
115.18386
115.43053
115.58131
115.69084
115.70865
115.61134
115.46367
110.40422
110.73772
111.07463
111.42615
111.79219
112.182
112.57686
112.94397
113.30391
113.65115
113.97007
114.27218
114.53012
114.7234
114.87301
114.95178
114.94292
114.88777
114.73332
110.21915
110.52241
110.84299
111.1758
111.51732
111.84395
112.1569
112.48929
112.82987
113.14034
113.43684
113.70081
113.91507
114.09241
114.20249
114.26435
114.26353
114.16984
113.99852
110.13313
110.40851
110.68966
110.96994
111.2421
111.52269
111.83177
112.14272
112.41583
112.68346
112.94138
113.1631
113.35303
113.50718
113.61045
113.64277
113.60465
113.51295
113.33911
110.01377
110.24964
110.4817
110.72419
110.98133
111.2557
111.52018
111.76039
112.0027
112.25173
112.47032
112.65524
112.83137
112.97087
113.03858
113.05747
113.03125
112.92131
112.74729
109.90819
110.12447
110.3449
110.57126
110.79814
111.01853
111.23592
111.4609
111.69162
111.90318
112.08565
112.25377
112.39279
112.47537
112.53437
112.54953
112.48967
112.38561
112.23266
109.8811
110.06885
110.25256
110.434
110.624
110.81922
111.02199
111.22444
111.41264
111.58364
111.74206
111.88328
111.98857
112.06692
112.10386
112.08395
112.025
111.91763
111.71761
109.81026
109.97058
110.13167
110.30255
110.47975
110.6555
110.82719
110.99003
111.1432
111.29249
111.44003
111.56346
111.656
111.71058
111.72068
111.6993
111.61895
111.4756
111.30714
109.79706
109.93189
110.07488
110.22306
110.36999
110.51481
110.65708
110.79711
110.93773
111.0738
111.18914
111.28022
111.34713
111.37978
111.38521
111.34144
111.24688
111.10604
110.91946
109.77891
109.88098
109.99329
110.11304
110.23546
110.3611
110.48423
110.59854
110.70899
110.81318
110.90605
110.98916
111.05435
111.08356
111.0676
111.01072
110.92046
110.78598
110.58759
109.76677
109.8412
109.92039
110.00908
110.10673
110.20982
110.31452
110.4228
110.53141
110.63088
110.71359
110.77872
110.82157
110.84067
110.82698
110.76676
110.66485
110.52308
110.33947
109.75751
109.80376
109.86315
109.93344
110.01488
110.10674
110.2107
110.31637
110.41508
110.50256
110.57801
110.6356
110.66973
110.6839
110.66673
110.61344
110.51004
110.35632
110.16022
109.75641
109.78153
109.82435
109.88208
109.95219
110.03284
110.12379
110.22226
110.32333
110.4209
110.50821
110.57734
110.62082
110.63068
110.60686
110.54649
110.44129
110.28244
110.0676
109.80214
109.48967
109.13328
108.73831
108.31556
107.87404
107.42135
106.96965
106.52926
106.10598
105.70638
105.33482
104.99801
104.69979
104.4422
104.22788
104.05591
103.92658
103.83898
109.91561
109.6204
109.2794
108.90276
108.50011
108.07654
107.6387
107.20038
106.7651
106.34022
105.93277
105.55105
105.20158
104.88623
104.60681
104.36208
104.1538
103.98181
103.84293
110.09631
109.81353
109.49724
109.13619
108.74052
108.32488
107.89772
107.46003
107.01943
106.58851
106.17339
105.78051
105.41414
105.07206
104.75633
104.47197
104.22068
104.00311
103.81069
110.35644
110.08203
109.75593
109.39008
109.00109
108.58657
108.15388
107.70981
107.26452
106.82282
106.39226
105.97916
105.58265
105.21063
104.86759
104.55631
104.27239
104.01501
103.77752
110.69283
110.4012
110.05418
109.68896
109.29967
108.86835
108.42102
107.96914
107.5078
107.04935
106.59666
106.15591
105.7366
105.34082
104.96582
104.61548
104.2912
103.98806
103.70855
111.05704
110.75125
110.42412
110.05195
109.62707
109.18998
108.72915
108.24776
107.75951
107.27296
106.79134
106.3241
105.87216
105.4362
105.02633
104.64467
104.28743
103.95411
103.64091
111.47408
111.19768
110.84817
110.4561
110.02691
109.56935
109.07534
108.55752
108.04056
107.52246
107.01422
106.51716
106.03865
105.57987
105.13891
104.71946
104.3206
103.94705
103.59243
111.99096
111.68572
111.33715
110.93164
110.48818
109.99071
109.47126
108.94143
108.38661
107.82888
107.27924
106.7483
106.22971
105.71426
105.21703
104.75328
104.31834
103.9098
103.52157
112.52609
112.22747
111.86247
111.44339
110.96501
110.44162
109.90238
109.32705
108.74057
108.15838
107.56586
106.97271
106.3846
105.83354
105.3202
104.82865
104.35637
103.90632
103.47126
113.1039
112.80013
112.41447
111.96429
111.47052
110.94686
110.36403
109.75245
109.13868
108.49106
107.84877
107.22297
106.61314
106.02945
105.45531
104.89294
104.36906
103.87622
103.41173
113.76493
113.43057
113.03672
112.58529
112.07369
111.5
110.86956
110.22708
109.5559
108.88123
108.21453
107.53942
106.87196
106.21079
105.5733
104.98624
104.43215
103.89554
103.36658
114.45115
114.14111
113.75511
113.26308
112.6958
112.08392
111.44912
110.76906
110.05125
109.32098
108.58202
107.84971
107.12699
106.43194
105.75963
105.11684
104.48866
103.86673
103.29004
115.21748
114.88935
114.44462
113.93055
113.38213
112.75942
112.06727
111.32304
110.55884
109.78472
108.99455
108.20526
107.42839
106.67545
105.9377
105.22251
104.5295
103.86522
103.24907
116.02286
115.68782
115.22942
114.74132
114.14475
113.45693
112.72078
111.95503
111.15016
110.32004
109.46719
108.62955
107.80193
106.95971
106.13857
105.36579
104.61774
103.89243
103.18885
116.90507
116.53148
116.1161
115.55935
114.89971
114.20147
113.44137
112.62419
111.74954
110.8535
109.96352
109.05796
108.12714
107.2188
106.35598
105.51486
104.6863
103.88426
103.11349
117.80432
117.43586
116.95299
116.36737
115.72999
115.00071
114.18539
113.30281
112.39278
111.44867
110.47039
109.47513
108.49471
107.54891
106.60131
105.66201
104.74999
103.8696
103.01679
118.7288
118.3606
117.87082
117.29215
116.60466
115.81762
114.96707
114.05705
113.08532
112.05457
111.012
109.97289
108.92273
107.86275
106.81798
105.79947
104.80467
103.83361
102.90101
119.71798
119.34199
118.84773
118.23088
117.50978
116.70203
115.80501
114.82538
113.77892
112.71888
111.61884
110.47428
109.3275
108.19214
107.07114
105.96579
104.87863
103.81376
102.7691
120.76161
120.37842
119.85427
119.22739
118.48038
117.61634
116.66741
115.63365
114.55367
113.41429
112.20517
110.99054
109.76598
108.53934
107.31604
106.10912
104.92144
103.74373
102.59704
121.81443
121.41632
120.87273
120.21265
119.4275
118.54131
117.55654
116.4759
115.32285
114.09652
112.82265
111.54184
110.22742
108.90152
107.57013
106.2594
104.95458
103.66274
102.41367
122.88086
122.47558
121.92531
121.25055
120.44692
119.5217
118.47416
117.34352
116.12126
114.83343
113.49451
112.11374
110.67772
109.23627
107.80723
106.38255
104.95179
103.55228
102.17241
123.98965
123.55815
123.02262
122.3128
121.47312
120.50195
119.40827
118.22404
116.93831
115.57863
114.1498
112.65428
111.13677
109.60293
108.0525
106.48986
104.94451
103.42191
101.91374
125.09942
124.67291
124.09812
123.36037
122.48711
121.49801
120.36929
119.1174
117.76905
116.33734
114.82052
113.247
111.63264
109.96822
108.28513
106.5887
104.92203
103.23974
101.57372
126.21409
125.78261
125.18558
124.43746
123.52652
122.49028
121.32296
120.011
118.60344
117.09874
115.49003
113.83158
112.09342
110.31273
108.50014
106.66613
104.84552
103.01641
101.20437
127.32514
126.88799
126.27757
125.50162
124.57551
123.48804
122.26307
120.90937
119.44099
117.85832
116.17175
114.41139
112.55472
110.65123
108.70692
106.73318
104.75254
102.77707
100.79054
128.43087
127.97986
127.35892
126.56441
125.60629
124.48778
123.20606
121.80753
120.26733
118.61816
116.84716
114.97683
113.01684
110.98512
108.92212
106.79259
104.6343
102.50312
100.33187
129.5171
129.05404
128.41582
127.60339
126.61235
125.46343
124.14129
122.68903
121.07764
119.3592
117.49975
115.53252
113.47384
111.31314
109.11453
106.838
104.5201
102.18991
99.830164
96.411311
94.495565
92.080924
89.003182
84.900496
79.735432
71.605107
66.178179
45.33494
93.761995
91.399814
88.483864
84.887562
80.192166
74.309595
65.005164
59.429484
36.472145
91.098851
88.338372
84.927636
80.804323
75.515182
69.026913
58.464986
52.716339
27.601212
88.490679
85.307151
81.462512
76.800049
70.903016
63.775621
51.96605
46.2322
18.851
85.913242
82.348539
78.065005
72.85874
66.378157
58.780949
45.617007
39.91248
10.381018
83.38888
79.481361
74.770993
69.020309
61.92948
53.940031
39.340021
33.854081
2.1864992
80.968457
76.6859
71.579538
65.360331
57.653307
49.432201
33.255186
28.163446
-5.7157557
78.641817
73.977461
68.52235
61.902541
53.410065
45.181479
27.245548
22.630828
-13.165089
76.39593
71.431902
65.635097
58.709442
49.290798
41.322388
21.517625
17.882101
-20.277866
74.284935
69.033256
62.882865
55.779859
45.262591
37.809992
15.971345
12.948543
-26.703543
72.325254
66.823613
60.276501
53.146423
41.383881
34.729249
10.797279
8.8058261
-33.027613
70.481754
64.7976
57.767828
50.83704
37.652155
32.104267
5.942755
4.8451614
-38.191664
68.781851
63.057458
55.387704
48.873705
34.160507
29.755535
1.5550766
1.3783336
-43.196142
67.229477
61.599422
53.095536
47.275035
30.892056
27.80163
-2.363293
-1.6370737
-47.323476
65.846891
60.44633
50.929804
46.036997
27.97484
26.023091
-5.71721
-4.3926288
-50.512619
64.575618
59.516709
48.923525
45.059116
25.539034
24.515782
-8.4930468
-6.8731028
-52.962081
63.499726
58.800586
47.231671
44.217639
23.668661
23.13056
-10.886826
-8.73455
-54.441081
62.588506
58.202917
45.958772
43.331448
22.633512
22.2484
-10.769184
-11.085407
-56.508816
61.921014
57.616586
45.223775
42.378335
22.113784
20.583842
-10.578435
-11.795428
-57.210253
61.508649
61.363471
61.395876
61.527477
61.83581
62.210002
62.767986
63.454827
64.171234
65.104061
66.093214
67.183746
68.438482
69.735047
71.18155
72.674669
74.239409
75.883682
77.549383
56.89986
56.152187
55.653235
55.459174
55.529249
55.887156
56.407665
57.105071
57.978086
58.842975
59.992594
61.152953
62.458603
63.806319
65.066689
66.549497
67.926977
69.339575
70.772511
45.086172
45.350105
45.806985
46.278884
46.795085
47.378722
48.180274
49.110937
50.290191
51.517359
52.860527
54.262695
55.56391
56.977864
58.180384
59.430177
60.69442
61.776708
62.889826
41.210798
40.144421
39.466915
39.273238
39.516196
40.06775
40.884767
41.807839
42.896105
44.123984
45.390762
46.780101
48.171796
49.511211
50.873848
52.1804
53.269668
54.321899
54.997248
22.491337
23.209077
24.136039
25.062654
26.085823
27.187355
28.512929
30.070882
31.871332
33.823598
35.853976
37.830274
39.79514
41.673314
43.335703
44.846907
45.845031
46.819329
47.250688
19.116052
18.099461
17.623256
17.87737
18.73347
20.129307
21.811109
23.669769
25.647781
27.671943
29.792518
31.785702
33.725264
35.496696
36.962261
38.212168
38.90656
39.432603
39.406329
-9.7654054
-8.7266235
-7.2822395
-5.9774374
-4.1565469
-2.3563466
-0.050964596
2.7743006
6.025957
9.5209481
13.327601
17.087895
20.794558
24.346506
27.298209
29.698888
30.781711
30.803386
29.386258
-12.269105
-12.472635
-11.677991
-10.292736
-7.9013961
-5.0438679
-1.4641748
2.2862467
6.5096594
10.822512
15.45052
20.008795
24.642358
28.8721
32.395284
34.945139
34.836573
32.512454
25.449639
-57.058981
-55.770859
-53.959155
-51.261238
-48.148393
-44.130135
-39.724045
-34.395984
-28.346795
-21.574396
-14.115154
-6.1467764
2.3715615
10.856384
19.167605
26.283312
31.219771
31.808532
26.590517
79.256161
80.958027
82.633078
84.30692
85.940676
87.531615
88.983639
90.12881
91.202187
91.627356
91.273753
90.478935
88.485286
84.281465
77.729474
69.523965
59.925531
48.577484
35.324253
72.072852
73.458961
74.803382
76.009231
77.257914
78.385417
79.247414
79.743942
79.997017
79.814177
79.112267
77.533876
74.895043
70.968774
65.696163
59.575749
53.092681
45.526331
35.709951
63.776983
64.650039
65.480691
66.179672
66.760095
67.235102
67.424527
67.040503
66.576945
65.539051
63.725734
62.056115
59.556384
56.331766
53.611151
50.640789
46.785936
43.262078
40.065355
55.470896
55.686824
55.567403
55.761452
55.691784
55.129393
54.426814
53.101653
51.361667
49.373867
46.687997
44.210509
41.948538
39.581729
38.121764
37.196565
36.849597
37.692137
39.387997
47.337615
47.229353
46.306074
45.846715
44.936527
43.028627
41.258234
38.698442
35.658319
33.111713
29.916644
25.888129
22.682236
21.107343
21.025805
22.306889
24.929001
28.822318
33.776539
39.322396
39.08679
37.755294
37.100294
35.654981
33.748535
32.702685
28.088419
22.001029
18.550593
16.293983
12.781482
9.4973139
7.3025652
6.1785843
8.1177574
14.234306
21.560866
29.409293
28.454419
28.738554
30.025885
31.286133
28.240472
26.974846
31.092128
30.763991
23.983948
17.622269
12.426657
8.0951408
5.0545946
3.1090086
3.1814238
6.5706536
12.718887
20.152325
28.827909
18.231535
15.899757
21.51712
27.341317
28.804273
29.304041
30.41215
29.951892
27.080702
23.570261
19.288084
14.863565
10.875911
7.9398848
8.0947698
11.88699
17.735297
24.826968
32.948877
23.113735
22.185867
21.33904
20.134502
20.522565
24.486502
27.024914
27.205328
25.625024
22.845101
19.387699
16.040607
13.399678
12.017895
12.787834
16.191854
21.418713
28.175696
36.153312
22.440692
11.124967
2.0526832
0.11694844
5.4902455
16.567497
31.590864
45.859196
57.859424
67.613782
75.921278
82.444305
87.449226
91.092914
93.636297
95.42037
96.57208
97.282183
97.643288
24.904625
16.359918
12.235322
13.277199
21.092033
33.592446
48.90758
64.406218
75.537311
83.381963
88.33251
91.769917
94.75357
96.915191
98.338605
99.182751
99.593017
99.696076
99.61577
38.345147
38.533253
40.469893
44.442609
51.101051
60.570077
72.306131
83.855831
93.044688
98.248625
101.65502
104.08279
104.68043
104.79172
104.64897
104.29725
103.78336
103.12832
102.43101
42.06894
46.295671
51.997224
59.018681
66.590286
75.204789
85.321552
94.373415
100.78538
104.70756
107.78225
110.05499
111.51166
111.33553
110.45624
109.50862
108.31809
106.99541
105.65124
40.131321
47.53328
55.668697
63.989424
72.172792
81.024082
88.905378
95.72184
101.32158
105.64634
109.23139
111.9922
113.87248
115.10377
115.09868
113.93856
112.3415
110.56291
108.7417
38.410586
47.670033
56.478605
65.126135
73.544801
81.158085
88.134739
94.206924
99.491566
103.7659
107.09443
109.93278
112.36508
114.09778
115.13638
114.99096
113.69944
112.14065
110.10337
38.388647
47.901983
56.727165
64.833307
72.428209
79.268523
85.502669
90.9588
95.465385
99.605952
103.02867
105.94051
108.32479
110.06888
111.39461
112.01667
113.50084
111.98386
109.17938
41.787023
50.495102
58.533445
66.110632
73.056134
79.303217
84.912136
89.676734
93.856927
97.5601
100.63528
103.32545
105.63365
107.35701
108.66338
109.32033
109.4737
109.64935
111.01663
44.536614
52.693019
60.400505
67.504072
73.912136
79.511318
84.546885
88.889945
92.704511
96.067996
98.965605
101.42267
103.41936
105.31031
106.73259
107.35982
108.00912
107.4534
105.88362
97.719973
97.544257
97.227671
96.744814
96.133342
95.393833
94.583021
93.734935
92.841992
91.986002
91.101737
90.277755
89.49294
88.717752
88.010519
87.437769
86.937784
86.567232
86.284791
99.306773
98.808343
98.194282
97.364626
96.382082
95.306372
94.141224
92.915367
91.673878
90.411026
89.193559
87.995866
86.857214
85.848445
84.92857
84.199338
83.627842
83.210827
82.98324
101.5065
100.42869
99.257214
98.009183
96.691546
95.267235
93.749789
92.142079
90.486407
88.758836
87.027409
85.306869
83.661534
82.113626
80.668499
79.336748
78.121856
77.085395
76.231889
104.18579
102.70368
101.09966
99.421577
97.587666
95.666506
93.62177
91.491438
89.321445
87.131257
84.931326
82.770553
80.704436
78.771324
77.015193
75.460798
74.206653
73.282571
72.691188
106.84284
104.91885
103.00884
101.01644
98.734322
96.443282
93.911675
91.169945
88.210471
85.115911
81.899176
78.705278
75.559854
72.575822
69.799715
67.243214
64.940302
62.86384
61.061791
107.90029
105.66764
103.64335
101.69996
99.641577
97.443102
94.727624
91.665794
88.23204
84.640358
80.862292
77.104264
73.352582
69.797623
66.497522
63.518332
60.959591
58.870819
57.372139
107.1794
104.66834
102.72376
101.77563
100.64721
98.316725
94.796059
90.197424
84.701062
78.862787
72.821801
66.953294
61.244358
55.984903
51.161696
46.920944
43.078742
39.799105
36.884695
109.42681
104.68187
103.37855
107.35584
110.45299
109.97173
106.70862
101.35117
94.912618
87.733101
80.387362
73.026716
65.898289
59.086124
52.873249
47.236428
42.303464
38.094956
34.805754
105.09155
105.74989
107.69073
108.15106
111.04346
109.5488
102.66561
93.223699
82.170752
70.736531
59.419899
48.757836
38.799141
29.693747
21.446337
14.185383
7.9160396
2.5765548
-1.7633224
86.126823
86.181732
86.336095
86.716472
87.306605
88.056404
88.989363
90.0102
91.167465
92.492138
93.852558
95.399586
97.053704
98.740351
100.5954
102.49581
104.39288
106.3161
108.35969
82.94281
83.091232
83.369331
83.671434
83.992635
84.435046
85.061472
85.85551
86.966455
88.314736
89.94336
91.729783
93.579666
95.672582
97.755257
99.896135
102.27977
104.58579
106.83245
75.552945
75.040389
74.800203
75.046524
75.751916
76.899411
78.302683
79.880529
81.610406
83.430987
85.386919
87.414354
89.586656
91.879921
94.271859
96.885776
99.518732
102.25618
105.07548
72.409628
72.462251
72.781582
73.197366
73.596378
74.012021
74.552228
75.354444
76.452161
77.887808
79.697026
81.838063
84.30138
86.957148
89.875162
92.95495
96.065219
99.342035
102.60485
59.470808
58.154318
57.178899
56.833344
57.266293
58.453429
60.282889
62.565766
65.161295
67.986199
71.007171
74.187243
77.440245
80.761544
84.208175
87.753168
91.427748
95.205108
98.979816
56.448741
56.162786
56.41825
56.957859
57.67059
58.398401
59.209948
60.182153
61.491163
63.128176
65.23834
67.730896
70.675515
73.973139
77.610355
81.535114
85.68201
90.003058
94.396006
34.47805
32.347084
30.712044
29.889014
29.695807
30.414218
32.07331
34.605705
37.731597
41.520389
45.633509
50.202117
54.948371
59.931227
65.020269
70.271091
75.654419
81.134494
86.763073
32.384615
30.901006
30.162859
30.90496
31.26097
32.268148
33.836349
35.72106
38.021121
40.743983
43.844
47.450407
51.328894
55.760144
60.368768
65.55393
70.792129
76.358561
81.959169
-5.2754997
-7.8254863
-9.3610198
-10.987802
-10.683737
-9.5628923
-7.7789569
-5.0770854
-1.4936935
2.7011666
7.6358324
13.041386
19.137885
25.311683
32.144457
39.180398
46.669418
54.183346
61.866883
110.35271
112.2763
114.23825
116.20598
118.06874
119.81329
121.57114
123.24689
124.77134
126.18826
127.47099
128.62263
129.61357
130.42807
131.07812
131.57412
131.84647
131.94849
131.87927
109.28877
111.76099
114.01121
116.25111
118.61589
120.82
122.84025
124.79226
126.65217
128.38033
129.97961
131.31829
132.50919
133.5776
134.37954
134.98994
135.40154
135.52466
135.42546
107.80211
110.62513
113.50321
116.19248
118.78911
121.42753
123.9414
126.24557
128.50231
130.56669
132.37737
134.08927
135.61304
136.81171
137.80682
138.55574
139.07654
139.35113
139.31548
105.84097
109.18001
112.44442
115.67706
118.85365
121.88939
124.83011
127.62827
130.23721
132.63892
134.95768
136.96766
138.6453
140.14309
141.34585
142.31262
142.91607
143.23087
143.24213
102.86194
106.77049
110.57954
114.43908
118.16034
121.71761
125.24123
128.49305
131.62186
134.56338
137.14026
139.53787
141.65216
143.44815
144.95394
146.05818
146.81464
147.25044
147.27221
98.948586
103.48097
108.02826
112.51606
116.821
121.09725
125.15898
129.05424
132.6969
136.0027
139.14476
141.96677
144.44478
146.54366
148.29845
149.63381
150.54208
151.11667
151.21901
92.337396
97.931968
103.51342
108.9493
114.18084
119.14578
123.96938
128.55612
132.8531
136.85917
140.41582
143.67016
146.66641
149.19795
151.19288
152.79932
153.97917
154.64947
154.83007
87.717696
93.673312
99.487833
105.36232
110.92647
116.5811
122.01188
127.24024
132.11848
136.77585
140.95595
144.70266
148.21624
150.97024
153.44791
155.37832
156.6511
157.4422
157.71788
69.673628
77.404522
85.407873
92.880599
100.42999
107.72393
114.63664
121.33708
127.7483
133.558
138.71938
143.56433
147.56562
151.13668
154.21104
156.33944
158.00805
159.02011
159.30845
131.59597
131.1132
130.4263
129.56114
128.50411
127.24842
125.85026
124.27548
122.51639
120.63639
118.62024
116.47757
114.22218
111.85081
109.41553
106.90183
104.33186
101.71825
99.064934
135.19977
134.63853
133.8875
132.89243
131.67467
130.30104
128.66039
126.83082
124.84657
122.69957
120.36611
117.83148
115.22268
112.49442
109.62719
106.70352
103.71066
100.63603
97.590192
138.93984
138.40814
137.57455
136.44205
135.119
133.50645
131.60485
129.5665
127.26311
124.70263
122.03617
119.17068
116.07714
112.90019
109.66159
106.24728
102.7715
99.215894
95.655322
142.91829
142.32057
141.35726
140.14004
138.56379
136.74434
134.69471
132.23833
129.56841
126.69269
123.50412
120.12232
116.68948
113.04401
109.23201
105.26724
101.26816
97.250795
93.135048
146.96083
146.2623
145.2343
143.85846
142.0636
139.9289
137.49909
134.81145
131.71216
128.2755
124.7148
120.8891
116.84684
112.61812
108.2151
103.71407
99.113743
94.444131
89.681198
150.87693
150.12089
148.91715
147.44686
145.41665
142.95896
140.1687
136.96955
133.49859
129.66774
125.54356
121.17654
116.53683
111.63248
106.59426
101.40055
96.087422
90.646405
85.172464
154.47096
153.78591
152.31601
150.48649
148.36717
145.46903
142.28126
138.64394
134.62266
130.29083
125.5497
120.42556
115.12069
109.46957
103.63664
97.57781
91.249418
84.796442
78.19654
157.2851
156.51589
154.96018
152.84894
150.28335
147.25518
143.61568
139.58359
135.00738
129.97987
124.70554
118.84559
112.94574
106.55994
100.15478
93.514077
86.720315
79.922114
73.014588
159.17644
158.0249
156.63078
154.17604
150.96188
147.24184
142.93534
138.04018
132.55876
126.52663
119.88372
112.68399
105.13599
97.317967
88.973869
80.959393
72.215835
63.051075
54.066019
)
;

boundaryField
{
    back
    {
        type            empty;
    }
    top
    {
        type            zeroGradient;
    }
    front
    {
        type            empty;
    }
    outlet
    {
        type            fixedValue;
        value           uniform 100;
    }
    bottom
    {
        type            zeroGradient;
    }
    inlet
    {
        type            zeroGradient;
    }
    wall
    {
        type            zeroGradient;
    }
}


// ************************************************************************* //
