/*--------------------------------*- C++ -*----------------------------------*\
  =========                 |
  \\      /  F ield         | OpenFOAM: The Open Source CFD Toolbox
   \\    /   O peration     | Website:  https://openfoam.org
    \\  /    A nd           | Version:  11
     \\/     M anipulation  |
\*---------------------------------------------------------------------------*/
FoamFile
{
    format      ascii;
    class       volScalarField;
    location    "11.9";
    object      p;
}
// * * * * * * * * * * * * * * * * * * * * * * * * * * * * * * * * * * * * * //

dimensions      [0 2 -2 0 0 0 0];

internalField   nonuniform List<scalar> 
4455
(
141.67838
141.77677
141.9722
142.28788
142.70157
143.28162
143.95336
145.24395
145.61226
141.62523
141.73649
141.95048
142.27791
142.72801
143.33968
144.14564
145.42762
146.32722
141.51979
141.65489
141.89164
142.23936
142.70976
143.35414
144.1889
145.57292
146.56538
141.36688
141.53451
141.79799
142.16727
142.65385
143.33744
144.22656
145.71011
146.92338
141.17608
141.37905
141.6714
142.06199
142.56739
143.28869
144.25358
145.85012
147.36781
140.95487
141.19446
141.51524
141.92494
142.45357
143.21627
144.24863
145.9857
147.79407
140.71105
140.9866
141.33392
141.75965
142.30798
143.11061
144.20833
146.11087
148.24688
140.45461
140.76087
141.13169
141.57099
142.13661
142.97638
144.12914
146.21069
148.70316
140.19414
140.52354
140.91225
141.36344
141.94292
142.81922
144.02662
146.28675
149.17696
139.9367
139.68958
139.46098
139.25507
139.07465
138.92201
138.79982
138.71024
138.65732
140.27992
140.03433
139.79386
139.56309
139.34668
139.14849
138.97167
138.81866
138.68907
140.67826
140.43186
140.18177
139.93203
139.68652
139.44912
139.22235
139.00872
138.8073
141.13507
140.88517
140.62605
140.36102
140.09158
139.82147
139.55406
139.29318
139.03476
141.72487
141.47805
141.21823
140.94753
140.66473
140.37429
140.0814
139.79455
139.5073
142.63703
142.4157
142.16935
141.90051
141.60369
141.28747
140.95456
140.6173
140.27377
143.90573
143.7559
143.57809
143.36058
143.07763
142.74861
142.38448
142.00777
141.62463
146.36387
146.33924
146.19333
145.93728
145.57544
145.14575
144.66876
144.15811
143.60688
149.78868
150.24297
150.13054
149.56607
148.73454
147.77954
146.77897
145.76404
144.74438
138.65194
138.63245
138.5898
138.53463
138.46347
138.38197
138.2804
138.16668
138.02958
138.61026
138.53526
138.44278
138.33296
138.20524
138.06059
137.89792
137.71719
137.51641
138.67481
138.57419
138.46929
138.35485
138.22688
138.08337
137.92297
137.74526
137.54937
138.84613
138.71642
138.59325
138.46314
138.31791
138.15448
137.97138
137.76871
137.54645
139.28592
139.14893
139.03304
138.91298
138.77465
138.61452
138.4321
138.22911
138.00742
139.99207
139.82356
139.68688
139.54397
139.3782
139.18565
138.96652
138.72578
138.46988
141.31162
141.12497
140.97232
140.80018
140.59433
140.35591
140.09034
139.80563
139.51318
143.09599
142.64584
142.19367
141.72034
141.22214
140.70303
140.17314
139.64602
139.15045
143.83728
143.02385
142.21192
141.41796
140.6486
139.90099
139.18858
138.51989
137.92158
137.51134
137.12109
137.00456
137.23199
137.7646
138.4927
139.3036
140.16246
141.05445
138.73305
138.38654
138.10195
137.88791
137.74807
137.68674
137.70473
137.83333
138.02631
139.23551
138.98069
138.73791
138.51285
138.30909
138.13053
137.97868
137.85564
137.76209
138.20909
137.95398
137.69635
137.43736
137.17783
136.91887
136.66136
136.40727
136.15752
137.77489
137.53741
137.28919
137.03054
136.7607
136.47991
136.18757
135.88443
135.57017
137.30868
137.05748
136.7889
136.50318
136.19999
135.87908
135.53952
135.18117
134.80293
137.33731
137.10908
136.86141
136.59365
136.30491
135.99431
135.66053
135.30262
134.91885
137.29643
137.05564
136.79383
136.51059
136.20605
135.87722
135.52357
135.14133
134.72992
137.85622
137.64614
137.42445
137.18939
136.93892
136.66356
136.3612
136.02481
135.65537
135.25027
134.80934
134.32831
133.80805
133.24146
132.62948
131.96346
131.24418
130.4611
134.28643
133.81156
133.30135
132.75583
132.17042
131.5456
130.87525
130.1587
129.38791
134.50854
134.06964
133.60145
133.10104
132.56773
131.99746
131.38923
130.73729
130.04044
134.40492
133.98563
133.54529
133.08138
132.594
132.07901
131.53622
130.95937
130.34784
135.24581
134.91057
134.56545
134.20809
133.83926
133.4541
133.05294
132.62816
132.17972
135.91418
135.67761
135.44921
135.22697
135.01153
134.79681
134.58257
134.35878
134.12476
137.69993
137.66792
137.6669
137.69165
137.74192
137.80809
137.88933
137.97402
138.06033
138.29406
138.62125
139.00719
139.44156
139.92206
140.43934
140.99049
141.56484
142.15899
141.97267
142.91169
143.87498
144.86069
145.87806
146.92208
148.0029
149.11335
150.25071
151.40666
142.75877
138.1346
133.86743
131.6973
129.69307
129.29145
128.564
129.61542
152.58283
143.35974
138.19267
133.5858
131.18057
128.99412
128.4889
127.67718
128.69407
153.77019
143.9404
138.22296
133.26383
130.61656
128.24001
127.62359
126.72692
127.69848
154.96456
144.49467
138.21665
132.89888
130.00458
127.42938
126.69384
125.70189
126.61328
156.14
144.98981
138.15617
132.47087
129.32894
126.54895
125.68891
124.60314
125.44018
157.28341
145.41779
138.02809
131.97454
128.58827
125.59718
124.60696
123.41547
124.16324
158.29388
145.7301
137.80971
131.39525
127.76401
124.55916
123.43526
122.13904
122.78506
159.1329
145.91574
137.48166
130.72136
126.85191
123.43361
122.171
120.7626
121.29741
159.57543
145.87048
137.00332
129.92948
125.82983
122.20485
120.7951
119.28367
119.71405
118.04608
117.69677
119.28404
120.8485
124.64766
128.96623
136.29871
145.53555
159.5331
116.35077
115.9936
117.60718
119.33732
123.22598
127.70862
135.08804
144.21934
156.66554
114.41353
114.15324
115.77697
117.66538
121.58233
126.17219
133.47162
142.44889
154.15937
112.21515
112.16304
113.7931
115.8344
119.74595
124.42552
131.63993
140.52107
151.88112
109.72729
110.00819
111.65391
113.84513
117.7585
122.53525
129.6854
138.5195
149.55625
107.09036
107.69256
109.35628
111.70906
115.62956
120.5131
127.61953
136.40353
147.11842
104.2675
105.21006
106.89522
109.41592
113.35802
118.34736
125.41996
134.15947
144.58444
101.29761
102.56735
104.26458
106.97318
110.93507
116.02658
123.07437
131.76439
142.04483
98.103684
99.761057
101.4554
104.36583
108.35128
113.54133
120.57181
129.24426
139.47913
136.88221
126.58123
117.91756
110.8903
105.5981
101.60636
98.466412
96.793469
94.722578
134.24105
123.80266
115.1127
108.07606
102.67006
98.683174
95.284838
93.655911
91.104838
131.55722
120.88204
112.16378
105.10175
99.568557
95.598294
91.929692
90.35351
87.301056
128.81006
117.83762
109.0701
101.97088
96.291936
92.345411
88.386091
86.872769
83.271536
126.00234
114.63415
105.83484
98.684082
92.852438
88.929676
84.680401
83.229128
79.069109
123.09733
111.29624
102.45635
95.242202
89.24823
85.343692
80.797871
79.409894
74.655526
120.08978
107.78389
98.943765
91.643968
85.494757
81.602564
76.771862
75.444307
70.093756
116.94495
104.13492
95.297613
87.889762
81.590387
77.690629
72.589628
71.316321
65.358099
113.67177
100.30337
91.523896
83.980437
77.544684
73.633675
68.298357
67.056646
60.562971
55.795305
62.623459
63.839657
69.32464
73.247912
79.761433
87.423397
96.05145
109.88696
51.14491
58.027562
59.259891
64.760696
68.674441
75.15727
82.922106
91.135553
105.30704
46.352141
53.315559
54.604346
60.033921
63.966056
70.361711
78.268831
86.134494
100.29919
41.460528
48.532743
49.935917
55.195753
59.152789
65.431204
73.52581
81.032667
94.900506
36.457302
43.67949
45.243773
50.280534
54.258042
60.392855
68.720287
76.023878
88.943853
31.611854
38.823757
40.564587
45.352474
49.307673
55.262432
63.893299
71.105389
82.267145
26.919359
33.999925
35.904634
40.441024
44.331008
50.03308
59.043896
66.612535
74.510638
22.565974
29.287844
31.329128
35.605467
39.382478
44.719931
54.157546
62.656123
65.557759
17.859222
24.752123
26.858169
30.8742
34.533182
39.364467
49.243614
59.662825
55.882404
13.283949
20.446651
22.485966
26.255603
29.733874
33.949339
43.763338
57.953956
49.147528
9.5694141
16.478179
18.276542
21.776895
25.219875
29.177286
39.411754
57.547293
46.068065
6.7025989
12.711659
14.32123
17.461108
20.976215
25.065187
36.437531
56.476033
48.331671
4.2455206
9.1686296
10.632108
13.073393
16.714167
20.563643
33.71328
54.452307
59.289725
2.1640772
5.7948591
7.1792343
8.499451
12.274038
15.552911
30.957879
50.36984
55.663231
0.4816254
2.6242404
3.9797823
3.7394416
7.6614688
10.158041
27.805654
47.868032
52.683968
-0.72604935
-0.37519388
1.013579
-1.106364
2.8508526
4.509389
24.859859
48.161294
52.655976
-1.4292392
-3.1747898
-1.7056759
-5.960232
-2.1598438
-1.0970241
22.46156
44.827292
50.337301
-1.5683048
-5.7206185
-4.2340874
-10.72145
-7.4046069
-7.2857962
20.460864
43.241331
49.879793
49.567333
42.441965
18.818823
-12.1705
-12.449561
-15.092431
-6.4269065
-7.8463347
-1.3495515
49.340892
41.954952
15.477618
-17.034737
-17.18118
-18.974565
-8.3395062
-9.5133852
-0.67428562
48.876054
40.589594
12.088707
-21.872525
-22.005914
-22.620325
-9.9280851
-10.725379
0.46367938
48.178377
38.533432
8.4469446
-26.581061
-26.854152
-26.027168
-11.24605
-11.512438
2.0779035
47.347
36.922281
4.4753357
-31.236927
-31.703144
-29.167614
-12.24322
-11.867234
4.0775663
46.403784
35.17284
0.29621516
-35.699691
-36.500433
-32.01573
-12.986002
-11.805125
6.4606044
45.563837
33.67741
-3.6148786
-40.150218
-41.208068
-34.509386
-13.412284
-11.300325
9.1449046
44.244536
32.097589
-7.280427
-44.459291
-45.715707
-36.58004
-13.569537
-10.344962
12.115812
43.49453
31.412532
-10.369704
-49.303605
-50.787203
-38.173907
-13.399578
-8.8708906
15.63923
42.774685
28.025089
-15.944678
-56.60007
-57.335192
-39.609883
-12.457276
-5.4524635
22.045227
40.637673
19.841103
-33.847347
-72.23884
-64.896587
-38.864064
-8.8728875
1.3168317
31.345442
38.876734
11.224368
-43.83397
-85.480395
-69.206426
-35.413469
-3.3670262
9.8906896
40.995439
37.847256
1.4359641
-61.665963
-98.082222
-70.276113
-29.276654
3.878078
19.704163
50.460899
34.835162
-8.605802
-72.103001
-108.20646
-67.851295
-21.211882
11.8111
30.101442
59.37028
30.1584
-18.695247
-88.778492
-116.8509
-62.392487
-11.340557
20.369528
40.740182
67.157982
24.863263
-28.517778
-98.234786
-121.40734
-53.957361
-0.60633446
28.917686
51.121648
73.797546
19.393309
-37.991966
-112.46154
-122.83925
-43.140336
10.691508
37.41919
61.059788
79.111599
14.066724
-48.788001
-120.02245
-117.17017
-30.136848
21.274419
45.30735
70.009868
83.09626
21.110741
-29.224754
-110.14157
-117.13015
-35.037472
34.572147
60.380209
84.950116
108.48073
21.089115
-29.430173
-111.02381
-117.64834
-36.30889
34.219283
60.062335
82.836307
106.97767
20.891243
-29.61341
-112.70329
-118.9673
-37.969193
33.524217
59.065882
80.841104
105.77068
20.571002
-30.478303
-116.22372
-119.7423
-40.783665
32.239897
58.597297
78.848162
104.04043
20.236361
-31.150379
-119.07742
-122.07714
-43.770715
30.493153
57.086782
77.147584
102.8037
19.791704
-32.023789
-122.0379
-125.97265
-46.811769
28.639146
55.753894
75.526726
101.4714
19.345371
-33.070772
-124.91993
-129.73666
-50.047451
26.881247
53.895131
74.00316
100.49832
18.885088
-34.369238
-128.2849
-134.17484
-54.010953
25.233645
52.277949
72.808959
99.538328
18.507572
-35.815285
-131.30614
-137.79992
-56.906495
23.869462
50.608225
72.664925
97.888988
13.851395
-49.634784
-121.31949
-117.33289
-29.147348
21.537873
45.364427
70.109464
83.120283
19.220402
-38.785047
-113.73278
-123.13245
-42.30972
11.045099
37.511923
61.168476
79.149783
24.730261
-29.217044
-99.478354
-121.86608
-53.297948
-0.20710667
29.051383
51.242775
73.8513
30.055933
-19.307899
-89.976516
-117.43876
-61.904084
-10.942712
20.537116
40.877824
67.228286
34.746453
-9.1241889
-73.204854
-108.88921
-67.536105
-20.853933
12.005364
30.254748
59.457576
37.747335
1.0229126
-62.768757
-98.838742
-70.134116
-28.985116
4.0778937
19.870554
50.564996
38.785092
10.911715
-44.787235
-86.277402
-69.225579
-35.210152
-3.1835433
10.058667
41.114618
40.575857
19.612453
-34.7539
-73.033826
-65.044953
-38.751707
-8.7255586
1.4754651
31.474249
42.735766
27.879268
-16.697479
-57.393885
-57.573273
-39.582545
-12.354889
-5.3178227
22.175447
-1.3234956
-7.8887698
-6.514003
-15.287916
-12.781679
-12.717484
18.441953
42.466769
49.615687
-0.63112943
-9.5368532
-8.4110619
-19.158955
-17.519614
-17.610596
15.071563
41.953597
49.381736
0.52313577
-10.729055
-9.9820868
-22.789324
-22.346402
-22.482266
11.639611
40.555227
48.889677
2.1522892
-11.496295
-11.281216
-26.178175
-27.192835
-27.222972
7.9476364
38.487727
48.177885
4.1650859
-11.831372
-12.258894
-29.298103
-32.037547
-31.913642
3.9356875
36.859867
47.334818
6.5596375
-11.749829
-12.981711
-32.123588
-36.829644
-36.407833
-0.274316
35.093488
46.37804
9.2535075
-11.226099
-13.387774
-34.592017
-41.528735
-40.887152
-4.2272938
33.581889
45.538123
12.232171
-10.252682
-13.524217
-36.635064
-46.025443
-45.217683
-7.9424381
31.989593
44.201051
15.761774
-8.7616587
-13.333298
-38.198452
-51.078638
-50.078065
-11.066075
31.297206
43.447156
49.935017
43.24216
20.123557
-7.7963222
-7.7254564
-10.924924
-4.3346978
-5.7809784
-1.5585819
50.391497
44.806296
22.141599
-1.5670246
-2.4666061
-6.1683224
-1.8185268
-3.2510136
-1.43424
52.722403
48.145883
24.561857
4.078644
2.5584824
-1.3169443
0.88945939
-0.46507135
-0.74787546
52.763635
47.842537
27.519453
9.7651129
7.3832669
3.5288757
3.845541
2.5223531
0.44185362
55.694433
50.321841
30.684333
15.195535
12.008359
8.2908517
7.0358844
5.6823207
2.1066821
59.344225
54.396938
33.45554
20.237912
16.460281
12.86868
10.481397
9.0464493
4.1720393
48.404457
56.403145
36.19317
24.767355
20.734346
17.261075
14.165726
12.581362
6.6149831
46.125922
57.451767
39.174165
28.901389
24.990225
21.58205
18.117773
16.341018
9.4693458
49.188079
57.848021
43.542416
33.696471
29.515463
26.064666
22.32451
20.303751
13.171685
55.663223
62.492023
63.708949
69.195966
73.129884
79.665615
87.362541
96.016242
109.85379
51.009558
57.890674
59.12256
64.623381
68.546249
75.050633
82.855569
91.101295
105.27694
46.214316
53.173571
54.46065
59.887765
63.826282
70.242707
78.194414
86.100908
100.27361
41.321009
48.386311
49.786376
55.040616
59.001144
65.298224
73.440688
80.997999
94.88006
36.316877
43.529507
45.089137
50.116602
54.093781
60.243771
68.621682
75.986338
88.929865
31.472488
38.67167
40.405679
45.180486
49.130949
55.095206
63.777983
71.061825
82.26092
26.782741
33.847348
35.742695
40.26203
44.141801
49.845773
58.908448
66.559282
74.515238
22.434292
29.136655
31.165615
35.421022
39.182141
44.511419
53.99783
62.588468
65.574161
17.734681
24.60417
26.694842
30.68589
34.323105
39.13392
49.055901
59.576531
55.909022
113.63735
100.26755
91.466396
83.892671
77.43557
73.512952
68.17415
66.930907
60.435163
116.91052
104.09901
95.242569
87.807941
81.488846
77.577307
72.471785
71.196266
65.235042
120.05224
107.74652
98.890679
91.567626
85.400064
81.496072
76.660121
75.329907
69.975887
123.05804
111.25766
102.40482
95.17109
89.159516
85.243545
80.692016
79.300991
74.542912
125.9621
114.59454
105.78422
98.617071
92.769203
88.835216
84.580053
83.125501
78.961819
128.76933
117.79718
109.02029
101.90689
96.213296
92.256103
88.290946
86.774146
83.169425
131.51623
120.84095
112.11454
105.03989
99.493913
95.513558
91.839326
90.259688
87.204015
134.19998
123.76113
115.06408
108.01624
102.59888
98.602619
95.198923
93.566552
91.012602
136.84123
126.53939
117.86947
110.83226
105.52995
101.52958
98.384548
96.708274
94.634923
117.9882
117.63832
119.22718
120.79352
124.59628
128.91864
136.25529
145.49509
159.495
116.2904
115.93293
117.5483
119.28069
123.17331
127.66022
135.04416
144.1784
156.62721
114.35052
114.09022
115.71592
117.60695
121.52823
126.12291
133.4272
142.40763
154.12081
112.14939
112.0975
113.72972
115.774
119.69029
124.37525
131.59495
140.47952
151.842
109.65852
109.93995
111.58801
113.78259
117.70119
122.48395
129.63988
138.47771
149.51661
107.01834
107.6214
109.28767
111.64417
115.57049
120.46067
127.57347
136.36152
147.07834
104.19193
105.13576
106.82366
109.34843
113.29703
118.29372
125.3734
134.11734
144.544
101.21828
102.48968
104.18987
106.90289
110.87195
115.9716
123.02731
131.72223
142.00409
98.020306
99.679748
101.37729
104.29251
108.2858
113.48491
120.52426
129.20221
139.43826
119.65853
121.24404
122.73372
124.1138
125.39255
126.56735
127.65417
128.6513
129.57413
119.2273
120.7082
122.08647
123.36459
124.5539
125.65421
126.68074
127.63243
128.52063
120.7401
122.11775
123.38365
124.55691
125.64035
126.64672
127.57783
128.44446
129.24827
122.15138
123.38155
124.50843
125.54774
126.50074
127.38237
128.19415
128.94939
129.64944
125.77953
126.80264
127.71572
128.54093
129.28253
129.95909
130.57196
131.13685
131.65445
129.88256
130.67508
131.3496
131.92951
132.42646
132.85509
133.22066
133.54326
133.82552
136.96022
137.43886
137.7672
137.98589
138.11428
138.17509
138.18173
138.15178
138.09408
145.83025
145.87568
145.69016
145.378
144.95016
144.45517
143.90103
143.32053
142.71973
159.5376
159.09508
158.25621
157.24574
156.10233
154.92696
153.73277
152.54543
151.36907
130.4212
129.34586
129.9985
130.30529
132.13773
134.08348
138.02018
142.12013
150.21294
131.20563
130.11793
130.69652
130.91786
132.58703
134.31815
137.93427
141.52618
149.07544
131.92618
130.83571
131.34962
131.49575
133.01266
134.54259
137.84998
140.95202
147.9651
132.59343
131.50724
131.95896
132.03955
133.41466
134.75749
137.76917
140.40108
146.88447
133.20657
132.1332
132.5303
132.55553
133.80066
134.97289
137.70344
139.88403
145.8404
133.77428
132.71971
133.06465
133.04389
134.17033
135.18902
137.65363
139.40377
144.82307
134.29561
133.2663
133.56607
133.50877
134.52852
135.41195
137.62936
138.96966
143.83738
134.77765
133.77754
134.03524
133.95005
134.87447
135.64105
137.63089
138.584
142.87414
135.21953
134.2534
134.47508
134.37027
135.21054
135.87834
137.66344
138.25709
141.93515
137.83198
137.27068
137.31099
137.28155
137.74683
138.18013
139.20485
138.70019
137.47518
137.62133
137.02923
137.08209
137.02962
137.50859
137.92425
138.94929
138.35303
137.08464
137.39905
136.76672
136.83372
136.76026
137.25959
137.66583
138.70578
138.06781
136.96775
137.16337
136.48274
136.56523
136.47375
137.00014
137.40606
138.48002
137.85322
137.19489
136.91225
136.17743
136.27573
136.16974
136.7295
137.14575
138.27559
137.71289
137.72729
136.63618
135.84779
135.96434
135.84798
136.44791
136.88601
138.09639
137.65112
138.45532
136.33307
135.4933
135.62973
135.50756
136.15476
136.62774
137.94391
137.66868
139.26617
135.99586
135.11018
135.27096
135.14833
135.8508
136.3729
137.82028
137.79693
140.12498
135.62555
134.69785
134.88632
134.7692
135.53572
136.12241
137.72615
137.98961
141.01695
137.8858
139.1182
139.48331
138.4417
137.98013
137.52004
137.52369
137.49127
138.00586
138.48464
139.61442
139.77659
138.69839
138.20258
137.74299
137.72019
137.69263
138.14338
139.15397
140.14221
140.06213
138.93991
138.40631
137.94633
137.89848
137.87389
138.25745
139.86706
140.67282
140.32855
139.15982
138.58945
138.13007
138.05943
138.03706
138.35935
140.61531
141.19271
140.56783
139.35314
138.75027
138.2941
138.20345
138.18215
138.44112
141.38526
141.69175
140.77455
139.51967
138.88929
138.43991
138.33189
138.31027
138.5125
142.17987
142.16601
140.94758
139.66333
139.01001
138.57058
138.44677
138.42044
138.56785
142.99254
142.61915
141.10115
139.80075
139.12651
138.69424
138.55207
138.51322
138.61064
143.80679
143.07025
141.28869
139.96998
139.26409
138.82441
138.65305
138.58847
138.63019
144.71483
143.58212
141.60261
140.25248
139.48611
139.01356
138.78597
138.66753
138.63562
145.73554
144.1345
141.98678
140.59697
139.77425
139.27273
138.98801
138.79755
138.68874
146.75166
144.6463
142.36454
140.93519
140.062
139.53439
139.20232
138.95109
138.77863
147.75361
145.12452
142.72983
141.26911
140.35584
139.80265
139.42986
139.12854
138.90125
148.71004
145.55557
143.06013
141.58639
140.64727
140.07369
139.66811
139.32747
139.05443
149.54331
145.91891
143.34449
141.88434
140.93111
140.34413
139.91454
139.54472
139.23552
150.11033
146.17668
143.56353
142.15436
141.20292
140.61022
140.16527
139.77643
139.44227
150.22673
146.32452
143.74283
142.40194
141.46391
140.87048
140.41644
140.01792
139.67184
149.77761
146.35121
143.89411
142.62458
141.71195
141.12158
140.66403
140.26465
139.92004
141.67735
141.77587
141.97139
142.2871
142.70085
143.28096
143.95284
145.24359
145.61187
141.62215
141.73371
141.94796
142.27559
142.72586
143.3377
144.14387
145.42614
146.32622
141.51458
141.65028
141.88752
142.23554
142.70618
143.35083
144.18586
145.57042
146.56397
141.35963
141.52813
141.79228
142.16197
142.64884
143.33277
144.22226
145.7065
146.92105
141.16695
141.37094
141.66412
142.05522
142.56096
143.28266
144.24813
145.8452
147.36498
140.94398
141.18471
141.50642
141.91672
142.44577
143.20892
144.24197
145.97939
147.79007
140.6985
140.97533
141.32363
141.75004
142.29884
143.10195
144.20044
146.10311
148.24187
140.44054
140.74816
141.12001
141.56003
142.12617
142.96644
144.12001
146.20142
148.69683
140.1787
140.50951
140.89926
141.3512
141.93124
142.80805
144.0163
146.27591
149.16895
148.50234
149.19824
149.89657
150.71896
151.66235
152.68062
153.77317
154.90334
155.97399
149.19868
149.83922
150.56813
151.42253
152.38529
153.40846
154.4857
155.59551
156.64258
149.89743
150.56859
151.33626
152.21073
153.17274
154.18714
155.24666
156.33913
157.40113
150.72043
151.42362
152.21139
153.08195
154.02794
155.02549
156.06884
157.15939
158.26473
151.66492
152.38751
153.17447
154.02905
154.94705
155.92548
156.95679
158.06081
159.23574
152.68453
153.41218
154.19047
155.0282
155.92728
156.89604
157.9341
159.07929
160.32268
153.77893
154.49152
155.25248
156.07412
156.96112
157.93695
158.99129
160.20474
161.56845
154.9128
155.60513
156.34873
157.16884
158.06963
159.0871
160.21096
161.44973
162.81089
155.9891
156.65791
157.41679
158.2808
159.25206
160.33844
161.58468
162.82198
164.58353
168.95308
165.55903
164.36653
162.53749
161.20277
159.93209
158.8622
157.93354
157.1775
159.02455
160.05021
160.00516
159.93651
159.59953
159.09787
158.52509
157.86481
157.17898
155.41967
155.9561
156.0815
156.30523
156.3264
156.27025
156.14566
155.91269
155.55259
153.04992
153.36264
153.33954
153.51796
153.53151
153.56065
153.53105
153.49393
153.33642
151.28767
151.47208
151.4522
151.53322
151.50894
151.5081
151.47621
151.4664
151.39742
149.69051
149.81542
149.76078
149.84639
149.78315
149.80859
149.73917
149.72488
149.65343
148.26969
148.31077
148.27177
148.29499
148.2473
148.23203
148.18492
148.15086
148.09778
146.90072
146.89388
146.82262
146.83972
146.75666
146.75544
146.67831
146.65153
146.58149
145.59581
145.52822
145.45939
145.4052
145.33132
145.27173
145.21292
145.16028
145.09914
143.71437
142.34688
140.85265
139.12856
137.16782
134.6143
131.56594
127.8874
125.09225
143.79384
142.41755
140.90378
139.15273
137.10467
134.53687
131.35605
127.77532
124.31785
143.8147
142.43796
140.88099
139.10933
136.97534
134.37621
131.09048
127.40844
123.39448
143.89642
142.48018
140.94392
139.10151
136.97231
134.23892
130.88388
126.86992
122.40131
143.91977
142.53347
140.94358
139.13402
136.92052
134.17754
130.66519
126.38995
121.44867
144.01999
142.59753
141.01621
139.16987
136.9481
134.13314
130.55561
125.88817
120.58825
144.05669
142.67178
141.06719
139.26336
136.98599
134.21982
130.50434
125.69751
119.73305
144.14175
142.72441
141.13282
139.29364
137.05311
134.20121
130.51857
125.4561
121.08017
144.25763
142.8617
141.27213
139.48802
137.23841
134.52478
130.7004
125.76374
118.46774
125.64245
128.2808
131.45983
133.71056
135.22489
136.63288
137.99961
139.34588
140.63403
124.48235
127.42526
131.08351
133.46104
135.04321
136.52777
137.97687
139.36206
140.67578
123.10308
126.66432
130.78354
133.21428
134.82569
136.35902
137.85962
139.28455
140.62098
121.25978
125.83538
130.53692
133.03541
134.75434
136.35899
137.91487
139.35063
140.69432
118.93934
124.77797
130.03973
132.57562
134.39074
136.10585
137.74067
139.22875
140.6013
116.1908
124.64825
130.23567
132.64589
134.50882
136.23937
137.87029
139.33966
140.70188
110.63584
122.94058
129.59492
132.02249
134.08652
135.97454
137.69384
139.20538
140.59661
106.59969
123.41778
130.07529
132.24209
134.25896
136.12846
137.81966
139.30821
140.68203
95.960167
121.90025
129.66546
131.88112
134.03995
136.00531
137.73901
139.23725
140.62813
141.88599
143.10882
144.35758
145.63055
146.95758
148.32872
149.76993
151.28587
152.90976
141.92309
143.15658
144.40045
145.68575
147.01161
148.39983
149.84809
151.38506
153.01394
141.88724
143.13789
144.3986
145.70006
147.03869
148.44189
149.89845
151.45336
153.09708
141.95042
143.20783
144.46509
145.77326
147.11107
148.52205
149.98319
151.55172
153.20513
141.87813
143.15489
144.43103
145.75298
147.10457
148.52981
150.00789
151.59532
153.26539
141.96409
143.23363
144.50072
145.82023
147.16866
148.59557
150.07267
151.66444
153.33842
141.88168
143.17122
144.45803
145.79221
147.15244
148.58974
150.07785
151.68212
153.3674
141.95716
143.23615
144.51653
145.84422
147.20234
148.63713
150.12518
151.72914
153.4161
141.91237
143.20185
144.48726
145.8234
147.18322
148.62429
150.11327
151.72338
153.41212
154.64795
156.52615
158.54665
160.71309
163.01717
165.4745
168.0236
170.69228
172.59401
154.77672
156.66662
158.72519
160.93444
163.32503
165.88459
168.59048
171.39102
173.44898
154.88655
156.80012
158.89915
161.1535
163.63
166.2936
169.14639
172.04209
174.3023
155.01397
156.94346
159.0777
161.36461
163.91223
166.64188
169.62003
172.62571
175.14694
155.09442
157.04357
159.20711
161.52608
164.13047
166.92262
170.03212
173.1656
175.98535
155.17792
157.13792
159.32386
161.66448
164.31721
167.15645
170.40224
173.65465
176.81145
155.22247
157.19274
159.3994
161.75603
164.45049
167.32162
170.69361
174.06926
177.63234
155.27432
157.24737
159.46526
161.82938
164.5551
167.44301
170.9328
174.38631
178.59551
155.27615
157.25561
159.47854
161.85478
164.58686
167.50291
171.04554
174.58797
178.73347
173.61429
166.31028
163.53796
160.40408
157.18834
154.10437
151.14378
148.27069
145.45492
174.78038
167.12372
164.26377
160.99069
157.70106
154.5351
151.5611
148.63633
145.81033
175.85737
167.86025
164.9305
161.58317
158.22156
155.00081
151.99833
149.05103
146.20972
176.96036
168.53664
165.51759
162.055
158.68336
155.3851
152.38704
149.38131
146.5537
178.12006
169.37966
166.22411
162.66789
159.23686
155.92299
152.8762
149.87514
147.01296
179.272
169.95103
166.69862
163.04771
159.61764
156.21013
153.17052
150.09977
147.25319
180.68499
171.0177
167.44172
163.74508
160.25725
156.82896
153.74824
150.67334
147.8108
181.42323
171.29442
167.66191
163.91279
160.43166
156.9505
153.87187
150.76494
147.90597
183.86931
172.92521
168.62735
164.76719
161.24127
157.7064
154.58385
151.44596
148.57215
142.63685
139.81885
136.97297
134.10663
131.20146
128.25417
125.24768
122.17422
119.0262
142.95226
140.14182
137.2667
134.41468
131.48324
128.55159
125.52149
122.46087
119.29048
143.35314
140.53887
137.67355
134.81889
131.8997
128.97021
125.9567
122.90834
119.75737
143.64888
140.85635
137.95638
135.1244
132.18216
129.26983
126.24379
123.20683
120.05414
144.1208
141.30659
138.41763
135.57845
132.63844
129.73635
126.70244
123.69611
120.51978
144.31571
141.52336
138.6091
135.78542
132.83701
129.93923
126.91388
123.89726
120.75785
144.87157
142.07728
139.1579
136.34824
133.38598
130.51605
127.46728
124.50259
121.30243
144.94973
142.15933
139.23678
136.42419
133.47049
130.58949
127.56205
124.57213
121.43267
145.59914
142.81034
139.87746
137.0795
134.11549
131.25877
128.21973
125.27101
122.08624
115.41982
111.27656
107.09586
102.73966
98.393712
94.236799
90.275322
84.573749
77.374446
115.74307
111.67737
107.60619
103.3555
99.125151
95.118524
91.583024
86.634879
80.300871
116.25107
112.26625
108.31495
104.13876
100.0949
96.077386
92.837893
87.923284
82.780292
116.62474
112.75827
108.88355
104.82177
100.82798
96.935189
93.985757
91.002672
85.237887
117.1508
113.32213
109.62047
105.59278
101.7622
97.757671
95.14325
90.933563
92.988817
117.44033
113.78779
110.07388
106.2313
102.28893
98.428112
95.132332
94.956814
93.994382
118.08204
114.45791
111.00719
107.18235
103.48989
99.485651
96.435565
91.069464
114.25052
118.2197
114.75599
111.21859
107.60725
103.77743
99.887255
95.425341
93.440533
103.98669
118.99919
115.6539
112.39395
108.89603
105.43198
101.66228
99.251918
82.475768
141.06528
59.6293
47.15268
49.796332
46.84552
45.047699
49.032129
50.434885
50.74395
49.712438
60.875615
46.584177
49.984184
47.454337
47.934919
49.516988
50.666582
50.86441
49.790208
61.272849
45.855075
50.368149
47.357134
47.235437
49.647601
50.804672
50.910301
49.880547
59.726916
44.664376
51.120908
47.350197
48.750511
49.934735
50.893917
51.041278
49.970439
55.418264
43.307293
51.284339
47.584309
48.696157
50.223635
51.014161
51.144427
50.08241
50.244474
43.390559
52.536414
47.120161
49.270829
50.538916
51.065807
51.267471
50.189255
52.347504
54.808798
50.306146
47.796928
49.622174
50.732004
51.170358
51.367257
50.284094
51.741307
39.758293
51.293914
47.223805
49.896009
50.910263
51.202415
51.449877
50.358645
-20.233868
62.369854
48.674936
47.832656
50.602316
51.038422
51.282771
51.487445
50.384004
48.079297
46.463174
44.453613
42.236502
39.807706
35.830626
32.346724
21.937034
26.896703
48.308335
46.72943
44.656822
42.388453
39.568139
35.027365
31.145288
21.942964
28.447489
48.386687
46.673557
44.590407
42.119633
38.990484
33.999296
29.303189
22.394863
28.4275
48.453029
46.725837
44.52785
41.932174
38.474389
33.236818
28.169191
22.487309
30.60158
48.581017
46.763308
44.455537
41.724709
37.961904
32.637721
27.686604
24.738143
32.848475
48.648284
46.798777
44.380382
41.479769
37.517808
32.234331
27.885254
26.868984
35.100064
48.745815
46.797105
44.222568
41.140804
37.009954
31.794534
28.311812
29.445291
38.087879
48.788674
46.80434
44.143884
40.93876
36.703836
31.854799
28.539946
31.108551
39.204387
48.802214
46.675339
43.82237
40.35551
35.913645
31.217017
29.248204
33.949275
42.483919
28.241847
28.253018
29.040291
32.395822
35.647967
39.227118
38.23606
35.377369
32.309667
29.096388
27.860636
27.439331
31.125374
35.177452
39.213559
39.383937
37.548294
35.978932
29.995465
28.323181
28.003596
30.90862
34.746987
38.617347
39.83866
39.439015
38.975925
31.589236
27.937092
27.097908
29.795365
34.629733
37.746196
39.549527
41.068388
40.163572
33.955925
28.549254
28.907236
30.223515
34.569744
37.437739
38.686328
40.675757
40.633814
37.194655
28.634517
27.958769
28.901665
33.451821
37.873958
37.345216
38.516178
42.443018
40.359797
30.360885
30.365666
29.557055
32.756432
38.224039
36.730379
37.840353
46.103899
43.31957
30.694242
29.619576
28.743711
31.384664
37.644851
41.026597
30.99014
50.13956
47.26586
34.913577
31.649554
29.38506
30.085124
35.109418
37.009716
44.272859
-28.598617
29.530553
31.67234
34.977729
39.181279
43.971908
49.237345
54.982502
61.642654
68.868795
30.256602
33.988877
37.861829
42.295432
47.219673
52.708772
58.633516
65.380459
72.057872
31.765678
37.630689
41.98078
46.62955
51.745821
57.293708
63.189583
69.367688
75.191553
33.967641
41.591058
46.313736
51.280476
56.602985
62.177934
67.876416
73.386708
78.460184
38.146595
46.158338
50.938577
56.190871
61.64483
67.187701
72.578663
77.52525
81.596078
44.502373
50.359831
55.792438
61.260239
66.75296
71.983135
76.862497
81.012791
84.391859
51.829251
56.14617
60.943363
65.92046
71.05527
75.842634
80.138214
83.719031
86.616213
58.845558
59.696913
63.339984
68.122039
73.51793
78.293069
82.431979
85.614721
88.195178
40.251193
47.629965
59.030606
67.925247
74.804513
80.013329
83.88754
86.87412
88.966555
90.569671
91.613352
92.350785
92.733422
92.942287
93.039681
92.98945
92.987492
92.897134
89.81218
91.046117
91.797945
92.35024
92.618209
92.782765
92.853268
92.857131
92.819254
88.581615
89.914593
90.863411
91.590818
92.109282
92.324622
92.613143
92.696137
92.690848
86.646092
88.199159
89.411369
90.299715
91.06344
91.481682
91.814154
92.056351
92.07296
84.181428
85.920718
87.414524
88.515725
89.441237
90.091177
90.440141
90.84689
90.85037
81.623628
83.490985
85.127595
86.426479
87.390541
88.196402
88.678454
89.061891
89.113988
79.12496
81.005117
82.628028
84.021502
85.080271
85.926989
86.468059
86.885813
86.965671
76.285842
78.171046
79.609739
80.874967
81.888742
82.707835
83.280379
83.700237
83.815355
73.080115
74.785347
75.975352
76.976201
77.814607
78.493401
79.008538
79.390681
79.514295
92.904108
92.827957
92.672691
92.080762
90.869508
89.137543
86.993338
83.848415
79.53134
92.897895
92.854266
92.700864
92.065981
90.852319
89.07863
86.897472
83.727589
79.395777
92.788774
92.758749
92.596014
91.837211
90.467745
88.719646
86.509373
83.318891
79.005093
92.749832
92.648465
92.239318
91.481663
90.108597
88.227854
85.959739
82.730788
78.486625
92.539646
92.402891
91.977513
91.037404
89.430145
87.378312
85.098368
81.920158
77.804595
92.223277
92.043163
91.431919
90.236341
88.471943
86.411304
84.055195
80.935928
76.96065
91.788803
91.424696
90.651743
89.297815
87.347809
85.105277
82.644515
79.647013
75.93939
91.012373
90.623657
89.640149
88.044494
85.836211
83.446403
81.006198
78.183609
74.725996
89.933019
89.34643
88.262184
86.455232
84.062272
81.566518
79.123833
76.297968
73.030113
68.827715
61.603157
54.915919
49.150991
43.865724
39.05274
34.833218
31.517835
29.365475
72.102918
65.415031
58.604626
52.644751
47.142621
42.206841
37.769674
33.891029
30.119387
75.205445
69.383126
63.164285
57.233735
51.666933
46.536906
41.867922
37.502643
31.636333
78.404236
73.326328
67.833586
62.114747
56.515857
51.18745
46.216104
41.496954
33.835407
81.460092
77.37824
72.458084
67.103649
61.557965
56.100178
50.855384
46.061717
38.135336
84.158695
80.767367
76.623962
71.795526
66.60699
61.13695
55.688391
50.273844
44.531607
86.267255
83.351015
79.767538
75.475623
70.729217
65.657832
60.741757
56.008961
51.755514
87.701857
85.116961
81.926168
77.805878
73.068868
67.736713
63.019905
59.454683
58.675122
88.321503
86.222479
83.246911
79.39938
74.232291
67.398185
58.577149
47.278631
40.055494
-28.520364
44.167563
36.828777
34.875101
29.833224
29.145741
31.452938
34.782839
47.251347
49.872771
30.895215
40.900341
37.429053
31.125543
28.483093
29.390234
30.517722
43.27756
45.937543
37.697054
36.598882
38.042586
32.510528
29.302497
30.132092
30.160311
40.287257
42.375092
38.3484
37.175464
37.692499
33.204715
28.629709
27.69661
28.423055
37.094388
40.584314
40.537181
38.507135
37.263092
34.337618
29.95989
28.637291
28.310541
33.810674
40.042553
40.972373
39.392725
37.546669
34.399879
29.525004
26.807298
27.696139
31.406037
38.892049
39.350455
39.704687
38.410094
34.53166
30.65599
27.706664
28.064106
29.773187
35.938387
37.450335
39.270458
39.031978
34.932691
30.877999
27.123499
27.611763
28.825705
32.261877
35.269898
38.133972
39.049621
35.382473
32.184778
28.701097
28.006747
27.916812
26.779526
21.791689
32.254581
35.713143
39.71772
42.202962
44.383131
46.337883
47.994413
28.343878
21.806237
31.040606
34.907087
39.460701
42.343304
44.593276
46.623154
48.222434
28.308449
22.26995
29.198525
33.883028
38.873652
42.065463
44.537152
46.574204
48.299729
30.486083
22.365457
28.071692
33.127348
38.352937
41.873761
44.479548
46.626582
48.360261
32.751285
24.651469
27.59253
32.528375
37.841231
41.660406
44.406711
46.663574
48.486497
35.005581
26.778389
27.797481
32.126577
37.399848
41.413716
44.325669
46.696655
48.551981
37.992349
29.37165
28.226098
31.688539
36.892153
41.07408
44.163805
46.691032
48.649211
39.115739
31.025069
28.461216
31.751141
36.584329
40.871338
44.08052
46.694574
48.693901
42.409776
33.870443
29.171002
31.117376
35.79241
40.284362
43.758045
46.565201
48.708037
49.684866
50.759791
50.467024
49.099045
45.058462
46.89641
49.826248
47.183844
59.653404
49.756227
50.883357
50.697285
49.576903
47.962279
47.497681
50.013645
46.611768
60.89727
49.840116
50.92768
50.834516
49.702325
47.27517
47.397673
50.399501
45.879294
61.291581
49.928267
51.056736
50.921484
49.983523
48.798016
47.388229
51.145242
44.688523
59.744292
50.037153
51.157994
51.040944
50.271421
48.752789
47.625787
51.317846
43.339233
55.43718
50.142973
51.279988
51.090575
50.588762
49.323802
47.168033
52.568333
43.419726
50.262215
50.235898
51.377604
51.191909
50.781529
49.678275
47.846404
50.343384
54.841075
52.364389
50.311578
51.458904
51.222605
50.959739
49.952649
47.279363
51.333879
39.794884
51.760985
50.336136
51.49381
51.29804
51.083988
50.657527
47.888344
48.723802
62.400073
-20.160737
77.361065
84.555811
90.255071
94.215179
98.369255
102.71195
107.06464
111.24355
115.38475
80.283911
86.615476
91.56241
95.09695
99.10061
103.3275
107.57487
111.64437
115.70789
82.762358
87.905051
92.81901
96.055687
100.06984
104.11011
108.28338
112.23299
116.21574
85.218628
90.987826
93.96665
96.913154
100.80216
104.7928
108.85165
112.72487
116.58919
92.964722
90.917084
95.123289
97.735301
101.73583
105.56322
109.58837
113.28848
117.11509
93.977573
94.943052
95.112979
98.404965
102.26179
106.2013
110.04153
113.75391
117.40438
114.22107
91.053579
96.414234
99.461628
103.4619
107.15191
110.97443
114.42377
118.04589
103.96325
93.426932
95.40489
99.862597
103.74901
107.57646
111.18579
114.72168
118.18336
141.0223
82.465212
99.227081
101.63624
105.40234
108.8646
112.36051
115.61918
118.96258
118.98995
122.13666
125.209
128.21467
131.16156
134.0666
136.93288
139.77858
142.59649
119.25412
122.42313
125.48278
128.51199
131.44344
134.37452
137.22663
140.10139
142.91194
119.72073
122.87047
125.91787
128.93065
131.85985
134.77881
137.63342
140.49848
143.31287
120.01752
123.16872
126.20499
129.23013
132.14236
135.08421
137.91629
140.81587
143.6087
120.48298
123.65792
126.66361
129.69667
132.59868
135.53828
138.37758
141.26609
144.0806
120.72098
123.85885
126.87503
129.89941
132.79727
135.74515
138.56905
141.48277
144.2756
121.26538
124.46408
127.42835
130.47625
133.34621
136.30799
139.11783
142.03675
144.83146
121.39559
124.5335
127.52312
130.54959
133.43074
136.38387
139.19671
142.11872
144.90968
122.04895
125.2322
128.18068
131.21882
134.07569
137.03916
139.83737
142.76976
145.55912
145.41454
148.23053
151.10403
154.06504
157.14964
160.36653
163.50152
166.26899
173.57852
145.76994
148.59632
151.52134
154.49593
157.66243
160.95331
164.22722
167.0827
174.74478
146.1694
149.01109
151.95866
154.96168
158.18304
161.54586
164.89385
167.81947
175.82212
146.51334
149.34155
152.34734
155.34617
158.64488
162.01788
165.48074
168.49622
176.92542
146.97264
149.83541
152.83656
155.88415
159.1986
162.63077
166.18707
169.33966
178.08532
147.21288
150.06009
153.13094
156.17136
159.5795
163.01061
166.66135
169.91154
179.2375
147.77054
150.63378
153.70867
156.79041
160.21904
163.70809
167.4043
170.97869
180.65062
147.86568
150.72539
153.83233
156.91197
160.39358
163.87579
167.62426
171.25553
181.389
148.53192
151.40652
154.54442
157.66805
161.2033
164.73019
168.58957
172.88685
183.83531
172.55825
170.65651
167.98762
165.43829
162.98075
160.67651
158.50996
156.48932
154.61096
173.41332
171.35536
168.5546
165.84846
163.28869
160.89792
158.68854
156.62981
154.73976
174.26674
172.00654
169.1106
166.25755
163.59371
161.11703
158.86252
156.76333
154.84961
175.11148
172.59025
169.58433
166.6059
163.876
161.32818
159.0411
156.90669
154.97705
175.95001
173.13022
169.99648
166.88668
164.09427
161.48968
159.17053
157.00682
155.05751
176.77621
173.61936
170.36668
167.12058
164.28107
161.62812
159.28731
157.10119
155.14103
177.59718
174.03402
170.65808
167.28577
164.41436
161.71967
159.36284
157.15601
155.18559
178.56047
174.35113
170.89731
167.40719
164.51898
161.79304
159.42872
157.21065
155.23744
178.69841
174.5528
171.01007
167.4671
164.55077
161.81845
159.44201
157.2189
155.23929
152.87264
151.24865
149.73265
148.29139
146.92023
145.5932
144.32023
143.07147
141.84864
152.97685
151.34788
149.81084
148.36252
146.97428
145.6484
144.36309
143.11922
141.88572
153.06001
151.41619
149.8612
148.40458
147.00136
145.66272
144.36125
143.10054
141.84987
153.16808
151.51457
149.94595
148.48475
147.07375
145.73593
144.42775
143.17048
141.91304
153.22836
151.55818
149.97068
148.49255
147.06727
145.71565
144.39369
143.11754
141.84076
153.3014
151.62731
150.03546
148.55831
147.13137
145.78291
144.46338
143.19628
141.92671
153.33039
151.645
150.04065
148.55249
147.11515
145.75488
144.42069
143.13386
141.84429
153.37909
151.69203
150.08798
148.59988
147.16506
145.80691
144.4792
143.1988
141.91977
153.37512
151.68627
150.07608
148.58704
147.14593
145.78609
144.44992
143.16449
141.87498
140.59666
139.30841
137.96199
136.59506
135.18688
133.67226
131.42105
128.24111
125.60208
140.63837
139.32455
137.93919
136.48988
135.00513
133.42267
131.04463
127.38534
124.44163
140.58357
139.24703
137.82194
136.32112
134.78757
133.17585
130.74457
126.62421
123.0619
140.65689
139.31308
137.87715
136.32105
134.71615
132.99688
130.49783
125.795
121.2181
140.56387
139.19119
137.70294
136.06789
134.35251
132.53705
130.00058
124.73739
118.89713
140.66444
139.3021
137.83257
136.20141
134.47058
132.60729
130.1965
124.60754
116.14796
140.55915
139.1678
137.65608
135.93653
134.04819
131.98377
129.55566
122.8996
110.59203
140.64459
139.27064
137.78193
136.09048
134.22067
132.20341
130.03613
123.37677
106.55439
140.59067
139.19967
137.70125
135.9673
134.0016
131.84236
129.62621
121.85896
95.913251
125.05145
127.84705
131.52603
134.57504
137.12934
139.09082
140.81554
142.3103
143.6782
124.27685
127.73478
131.31609
134.49764
137.06624
139.11508
140.8668
142.38112
143.75784
123.35323
127.36772
131.05045
134.33693
136.93685
139.07159
140.84388
142.40136
143.77851
122.3598
126.82905
130.84381
134.19966
136.93389
139.0638
140.90688
142.44362
143.86028
121.40692
126.34896
130.62507
134.13828
136.88204
139.09628
140.90643
142.49689
143.88356
120.54626
125.84707
130.51547
134.09393
136.90965
139.13217
140.97913
142.56094
143.98383
119.69059
125.65635
130.4642
134.18054
136.94755
139.22564
141.03008
142.63518
144.02047
121.03849
125.4149
130.47842
134.16202
137.0147
139.25595
141.09577
142.68785
144.10556
118.42437
125.72257
130.66031
134.48561
137.20006
139.45036
141.23508
142.82513
144.22143
145.06338
146.54583
148.06238
149.61799
151.36155
153.30008
155.51741
157.14589
157.15371
145.12462
146.61601
148.11541
149.68932
151.43043
153.45702
155.876
157.83018
157.90858
145.17705
146.64258
148.14923
149.70325
151.43987
153.49337
156.10749
158.48754
158.83564
145.23585
146.71966
148.19624
149.77257
151.47195
153.52307
156.23088
159.05777
159.90254
145.29534
146.72073
148.2112
149.7468
151.47248
153.49275
156.28601
159.55687
161.16818
145.36923
146.8038
148.25885
149.80984
151.4964
153.47953
156.26427
159.89136
162.49797
145.42335
146.78656
148.23551
149.72441
151.41528
153.30105
156.04034
159.95815
164.31911
145.49218
146.85783
148.27449
149.77895
151.43502
153.3242
155.91482
160.00195
165.50519
145.55974
146.86457
148.23337
149.65407
151.25066
153.01134
155.37898
158.97677
168.86232
12.292558
-53.821078
-130.08234
-121.9812
-23.324485
30.33833
52.918784
78.605633
85.950928
13.15214
-52.560691
-130.26527
-127.77471
-31.989327
26.891347
49.858791
77.18606
84.098789
13.933886
-50.935786
-134.37908
-131.14228
-38.637316
24.40991
48.257809
77.281623
83.834202
14.685093
-49.018318
-133.21568
-132.82078
-43.23047
23.099846
48.624258
78.828258
83.857329
15.404465
-46.914894
-134.10125
-135.1346
-47.293352
22.311123
48.569173
78.680807
84.726341
16.003005
-44.730646
-133.91676
-136.86759
-51.086591
21.968243
48.249504
77.455898
86.54481
16.541966
-42.463409
-134.19453
-138.03998
-54.203742
21.833107
48.200278
76.140378
89.251299
17.333763
-40.086704
-133.52984
-138.66786
-56.497859
22.079315
48.550103
74.7106
92.258553
18.730126
-37.407313
-132.98996
-138.59747
-57.425182
22.688653
49.381801
73.571876
95.21215
108.46573
84.826449
60.321786
34.790378
-34.903007
-117.20377
-110.30026
-29.231706
21.101088
107.00621
82.63132
59.826925
34.808756
-35.866908
-117.5728
-111.74986
-29.582188
21.063866
105.77505
80.566009
58.802609
34.447094
-37.367447
-119.09861
-113.64888
-29.801383
20.856878
104.07284
78.621199
58.292861
33.382391
-39.937472
-119.55408
-117.74618
-30.769539
20.520084
102.81478
76.982937
56.775383
31.79154
-42.744394
-122.31692
-120.61991
-31.536094
20.164312
101.4927
75.431916
55.415777
29.993911
-45.620751
-126.64995
-123.50201
-32.475999
19.710164
100.51404
73.959272
53.56185
28.250059
-48.836165
-130.27706
-126.51554
-33.623042
19.258715
99.537543
72.879897
51.934973
26.537693
-52.82993
-135.0313
-129.99441
-35.009483
18.787502
97.839359
72.812715
50.290651
25.086938
-55.376438
-138.24706
-132.92226
-36.537977
18.40356
95.160986
92.209347
89.210605
86.531309
84.734443
83.887898
83.862213
84.11123
85.961779
73.723902
74.878025
76.30578
77.611468
78.809476
78.944087
77.386332
77.276767
78.702467
49.106791
48.314758
47.995435
48.065468
48.393339
48.512083
48.247707
49.862981
52.94834
23.794232
23.055776
22.688073
22.711337
22.9299
23.56207
24.77306
27.185846
30.493406
-55.780048
-54.827389
-52.561747
-49.489617
-45.740208
-41.747974
-37.305051
-30.765111
-22.117925
-139.06685
-139.1192
-138.49696
-137.29182
-135.54151
-133.24921
-131.57868
-127.91784
-121.94189
-134.45531
-135.04005
-135.71564
-135.4475
-135.64795
-134.71189
-135.87666
-131.74006
-131.34083
-38.216016
-40.957582
-43.365901
-45.662162
-47.870784
-49.988327
-51.909063
-53.52129
-54.713496
18.648301
17.219608
16.399403
15.845818
15.231004
14.495159
13.727594
12.932372
12.063206
)
;

boundaryField
{
    back
    {
        type            empty;
    }
    inlet
    {
        type            zeroGradient;
    }
    front
    {
        type            empty;
    }
    top
    {
        type            zeroGradient;
    }
    outlet
    {
        type            fixedValue;
        value           uniform 100;
    }
    bottom
    {
        type            zeroGradient;
    }
    wall
    {
        type            zeroGradient;
    }
}


// ************************************************************************* //
