/*--------------------------------*- C++ -*----------------------------------*\
  =========                 |
  \\      /  F ield         | OpenFOAM: The Open Source CFD Toolbox
   \\    /   O peration     | Website:  https://openfoam.org
    \\  /    A nd           | Version:  11
     \\/     M anipulation  |
\*---------------------------------------------------------------------------*/
FoamFile
{
    format      ascii;
    class       volScalarField;
    location    "1.2";
    object      p;
}
// * * * * * * * * * * * * * * * * * * * * * * * * * * * * * * * * * * * * * //

dimensions      [0 2 -2 0 0 0 0];

internalField   nonuniform List<scalar> 
5472
(
103.33883
101.47046
99.618784
97.785497
95.984778
94.230226
92.521642
90.875259
89.30168
87.804598
86.40814
85.10286
83.910137
82.814174
81.811967
80.894256
80.057519
79.306807
78.649114
103.57603
101.84052
100.10496
98.368308
96.658002
94.968233
93.306235
91.695265
90.137784
88.651618
87.24593
85.921632
84.688892
83.536199
82.477827
81.503063
80.613885
79.808179
79.084966
103.75882
102.15706
100.53277
98.905559
97.290089
95.666535
94.059793
92.483083
90.94618
89.470103
88.050746
86.705494
85.430907
84.241826
83.134222
82.104121
81.158875
80.294468
79.495782
103.87931
102.40418
100.90365
99.395793
97.865084
96.311147
94.765817
93.230212
91.721718
90.249746
88.823187
87.458349
86.156494
84.934619
83.781744
82.70475
81.706033
80.781252
79.914843
103.94831
102.59597
101.21636
99.812829
98.358017
96.883945
95.40518
93.919734
92.439645
90.978771
89.554386
88.181577
86.862004
85.613095
84.419908
83.303668
82.252645
81.270837
80.341753
103.98332
102.74001
101.45717
100.13987
98.773499
97.392996
95.984981
94.555434
93.110896
91.667832
90.256118
88.878858
87.552934
86.278557
85.050806
83.896811
82.797549
81.765531
80.777157
103.95719
102.8006
101.60997
100.38755
99.126537
97.838675
96.499782
95.130585
93.72469
92.31414
90.917131
89.543161
88.21135
86.909283
85.667659
84.476258
83.339664
82.2562
81.217191
103.8716
102.81358
101.72715
100.6024
99.438406
98.223251
96.95582
95.6439
94.288118
92.920698
91.537341
90.179628
88.836939
87.528748
86.270236
85.046228
83.879346
82.745372
81.667008
103.7641
102.80433
101.80828
100.76862
99.679748
98.538297
97.346575
96.098838
94.801543
93.476712
92.123152
90.777447
89.433122
88.131434
86.845482
85.606024
84.40489
83.239015
82.115148
103.62635
102.75157
101.83876
100.88122
99.872097
98.808229
97.685648
96.500209
95.260126
93.982516
92.664907
91.339835
90.014817
88.707996
87.410089
86.156848
84.92531
83.73446
82.564881
103.46457
102.6684
101.83717
100.96434
100.03381
99.041225
97.983573
96.857446
95.672764
94.436754
93.158299
91.862085
90.554122
89.252538
87.958049
86.689216
85.440593
84.227803
83.027133
103.29408
102.56468
101.80412
101.00107
100.14495
99.225254
98.233786
97.170374
96.043683
94.856359
93.620704
92.352708
91.060008
89.769798
88.481991
87.203211
85.944268
84.710794
83.491323
103.12173
102.4592
101.76512
101.02768
100.23597
99.378465
98.447245
97.441714
96.368925
95.230031
94.043486
92.813169
91.547897
90.268286
88.986056
87.705212
86.439428
85.192752
83.956297
102.92992
102.33537
101.70841
101.03343
100.30271
99.504575
98.633453
97.687477
96.664197
95.568081
94.423144
93.231288
92.002305
90.742556
89.470434
88.195916
86.930986
85.675552
84.431572
102.75773
102.21149
101.64046
101.02024
100.34647
99.603065
98.788031
97.898368
96.928128
95.8828
94.775425
93.614051
92.421226
91.186197
89.932305
88.663799
87.404113
86.145081
84.905232
102.60117
102.10589
101.58758
101.01333
100.38532
99.688917
98.920637
98.075395
97.157141
96.168749
95.114673
93.997136
92.828248
91.616469
90.382092
89.124978
87.87344
86.617863
85.38252
102.45505
102.00105
101.5301
101.00739
100.4253
99.767816
99.041734
98.242405
97.365463
96.413764
95.40299
94.327593
93.19784
92.018262
90.80245
89.567889
88.329422
87.083472
85.857361
102.32771
101.91391
101.48493
101.00529
100.45791
99.837524
99.157776
98.406506
97.572316
96.662323
95.685972
94.641177
93.549415
92.400664
91.208192
89.995564
88.771772
87.541605
86.332545
102.25284
101.87534
101.4711
101.01873
100.49774
99.907741
99.257728
98.540109
97.754512
96.896046
95.958993
94.948055
93.880126
92.757955
91.590396
90.402012
89.195561
87.983876
86.797514
102.17958
101.84504
101.4712
101.04919
100.566
100.01325
99.385554
98.691242
97.932998
97.101755
96.203689
95.239818
94.206611
93.10441
91.959327
90.791511
89.601618
88.415029
87.245204
102.15955
101.8407
101.48484
101.08501
100.63074
100.10724
99.517771
98.866562
98.132967
97.31896
96.436548
95.502131
94.504355
93.434487
92.31409
91.163088
89.995277
88.835523
87.689058
102.1783
101.89139
101.55611
101.17581
100.73581
100.22276
99.655878
99.030414
98.333123
97.565735
96.707307
95.77408
94.785168
93.735476
92.634814
91.498567
90.34458
89.203194
88.075859
102.18757
101.93565
101.63573
101.2869
100.87073
100.3888
99.843795
99.224144
98.54541
97.804275
96.978928
96.083021
95.116687
94.078381
92.99293
91.865699
90.724308
89.595614
88.484829
102.23944
102.01261
101.74173
101.41555
101.02633
100.57642
100.05217
99.4482
98.77132
98.01929
97.193222
96.300511
95.329051
94.298292
93.222132
92.105845
90.975053
89.854053
88.756634
102.29098
102.10988
101.87192
101.57403
101.22258
100.81371
100.3398
99.794099
99.168428
98.455663
97.654474
96.768475
95.798946
94.751228
93.648157
92.509361
91.360498
90.219312
89.108812
102.35044
102.21346
102.01384
101.74631
101.40369
100.98907
100.50441
99.940042
99.296296
98.572939
97.763323
96.877336
95.90504
94.856028
93.756971
92.622141
91.469503
90.331378
89.226709
102.40129
102.34704
102.23206
102.05149
101.80867
101.49166
101.09451
100.60962
100.03724
99.369246
98.582573
97.660673
96.624121
95.504918
94.333448
93.118916
91.892775
90.663533
89.470906
78.018779
77.414924
76.815
76.225604
75.591596
74.86667
74.014099
73.016071
71.861692
70.492052
68.874377
66.93178
64.579917
61.733201
58.356279
54.349583
49.625852
44.071181
37.586596
78.383951
77.696014
76.999918
76.29772
75.528585
74.63905
73.604223
72.385302
70.988768
69.355644
67.432889
65.173609
62.477212
59.322375
55.621439
51.318021
46.33907
40.576432
33.867999
78.712801
77.910729
77.101864
76.252673
75.328459
74.270435
73.03318
71.59718
69.91764
67.983762
65.725849
63.095394
60.047723
56.527009
52.501162
47.949437
42.751304
36.913603
30.383413
79.041762
78.120726
77.187561
76.197289
75.108584
73.876037
72.453425
70.809361
68.90946
66.706796
64.18882
61.281582
57.984299
54.288994
50.127296
45.58911
40.576957
35.081058
29.334175
79.380487
78.33602
77.278565
76.14751
74.918733
73.517284
71.933093
70.101025
68.014838
65.628219
62.921033
59.898422
56.511327
52.855818
48.895659
44.668303
40.376969
35.849641
31.379287
79.730544
78.564371
77.388095
76.118458
74.756015
73.213217
71.481772
69.511747
67.282001
64.792777
62.012924
59.006678
55.782847
52.377838
48.960903
45.483565
42.224196
39.183902
36.511976
80.079019
78.805755
77.507918
76.122386
74.627895
72.970446
71.118904
69.04892
66.757461
64.235455
61.545362
58.692734
55.842938
52.979437
50.328479
47.93569
45.940308
44.412796
43.448743
80.440999
79.065979
77.645551
76.150761
74.556373
72.799694
70.874811
68.750673
66.474299
64.024957
61.550522
59.060587
56.741359
54.652
52.940608
51.696561
50.998938
50.884405
51.395168
80.822693
79.339089
77.812097
76.216614
74.546089
72.721693
70.767871
68.659925
66.47545
64.236955
62.09894
60.135418
58.495562
57.266305
56.557501
56.420052
56.894478
57.981811
59.671784
81.215728
79.61432
78.010175
76.346322
74.617617
72.768427
70.837142
68.820647
66.818479
64.906429
63.232954
61.888016
61.006373
60.648902
60.877312
61.713124
63.167765
65.189764
67.695011
81.612729
79.922434
78.253104
76.542755
74.784987
72.958157
71.102323
69.258077
67.531393
66.038737
64.906326
64.230055
64.094472
64.54003
65.58146
67.217672
69.401959
72.038617
74.961913
82.020757
80.27801
78.553388
76.818552
75.065562
73.305461
71.583827
69.984517
68.607711
67.59257
67.031516
67.006697
67.553407
68.68715
70.388834
72.611319
75.238232
78.128255
81.051991
82.440029
80.657401
78.903956
77.176545
75.461017
73.818261
72.287703
70.988432
70.009934
69.494746
69.492091
70.052882
71.1868
72.887771
75.067531
77.626311
80.39648
83.210458
85.859546
82.879837
81.077194
79.310852
77.619399
75.978209
74.497085
73.197959
72.236036
71.678026
71.640648
72.147497
73.223795
74.841484
76.946452
79.376584
82.006751
84.651623
87.198546
89.482809
83.329976
81.526333
79.776068
78.142157
76.611319
75.325796
74.287946
73.679309
73.540187
73.946663
74.906386
76.418196
78.388226
80.710824
83.184788
85.698081
88.083535
90.289688
92.193384
83.799959
82.00184
80.290239
78.730468
77.348795
76.276182
75.52002
75.266217
75.518949
76.314376
77.648135
79.475002
81.627243
83.970912
86.334226
88.622281
90.714083
92.573841
94.128505
84.281165
82.496471
80.847149
79.390895
78.176514
77.321747
76.870868
76.948511
77.548495
78.698283
80.328143
82.343682
84.556721
86.82663
89.009594
91.018325
92.782636
94.291747
95.517438
84.769801
83.006344
81.424388
80.08985
79.063915
78.435128
78.269323
78.640719
79.553301
80.988245
82.801337
84.872579
87.013382
89.10627
91.038922
92.759759
94.251687
95.495442
96.467537
85.258889
83.538384
82.040327
80.826687
79.99489
79.609369
79.719148
80.370416
81.553282
83.170977
85.093311
87.161355
89.192448
91.08861
92.777273
94.235085
95.447161
96.424332
97.173501
85.730763
84.051214
82.64081
81.570214
80.926726
80.72982
81.060396
81.975339
83.375717
85.108927
87.046136
89.012449
90.874119
92.554526
94.015548
95.256887
96.268111
97.058846
97.653682
86.199798
84.574433
83.263192
82.348583
81.904474
81.931761
82.50194
83.634306
85.196092
86.999105
88.910043
90.766399
92.45814
93.921509
95.152218
96.164279
96.976779
97.591218
98.038807
86.611935
85.033294
83.799427
83.011408
82.690747
82.882534
83.698825
85.00768
86.643609
88.446043
90.294403
92.021413
93.529526
94.825169
95.938272
96.825059
97.485006
97.983294
98.369182
87.039718
85.513581
84.392045
83.762344
83.644405
84.075979
85.102431
86.587022
88.316272
90.122203
91.883366
93.437577
94.753301
95.858838
96.736625
97.41202
97.939595
98.344478
98.647057
87.329514
85.837512
84.785399
84.238918
84.215159
84.792831
85.972169
87.531996
89.261013
91.047712
92.728292
94.181974
95.419602
96.460953
97.287719
97.895614
98.352049
98.695827
98.961292
87.661254
86.19194
85.234537
84.8702
85.102414
86.004535
87.467537
89.196804
91.003615
92.737525
94.254521
95.507743
96.523986
97.31623
97.90934
98.337169
98.66401
98.91578
99.101337
87.792047
86.339003
85.451098
85.104535
85.369184
86.331204
87.838569
89.606417
91.428159
93.140245
94.63116
95.887041
96.90255
97.681475
98.242353
98.669928
99.01518
99.278516
99.464556
87.909528
86.422289
85.567873
85.466204
86.214174
87.711034
89.623467
91.608906
93.45677
95.0554
96.344439
97.30989
98.016556
98.51332
98.866016
99.113986
99.285219
99.362381
99.334625
30.124984
21.746698
12.966483
3.7402874
-5.7700605
-15.021886
-24.001376
-31.887071
-39.072857
-44.617627
-47.364675
-48.499054
-47.360602
-44.583005
-41.213358
-37.22323
-33.221428
-29.990099
-28.268907
26.185082
17.742987
8.8438228
-0.39766185
-9.9565697
-19.265751
-28.396433
-36.267885
-42.742466
-47.425827
-49.721623
-50.401463
-49.088336
-46.004641
-41.982925
-37.327365
-32.823718
-29.213224
-26.938914
22.94635
14.901617
6.3616475
-2.7625069
-11.975446
-20.781566
-29.18764
-36.36738
-42.151501
-46.425971
-48.692564
-48.742015
-46.573764
-42.700432
-37.853836
-32.561343
-27.629259
-23.608753
-21.084007
22.863801
15.578576
7.8176236
-0.55584187
-9.245381
-17.214382
-24.584867
-30.950332
-35.74935
-38.876633
-39.990854
-39.024561
-36.352389
-32.258566
-27.104402
-22.211839
-17.574808
-13.302585
-10.641952
26.490354
20.658104
13.971379
6.9033454
-0.54938071
-7.6835079
-13.959648
-19.21665
-22.98723
-25.130255
-25.55381
-24.35573
-21.804253
-18.088555
-13.638622
-8.9693536
-3.8361862
1.2181177
4.3430442
33.350564
29.101174
23.99424
18.373681
12.590964
6.7396915
1.341865
-3.3148616
-6.9045336
-9.1879411
-10.109949
-9.4777666
-7.1514916
-3.0736036
2.0612674
8.1654553
14.773355
20.70691
24.752122
42.099632
39.326345
35.756994
31.806335
27.753176
23.683829
19.703821
16.08626
13.085183
11.170632
10.692703
11.92483
14.882959
19.522026
25.48224
32.259717
39.209102
45.140999
49.34334
51.643838
50.159273
47.817967
45.476607
43.246377
41.182719
39.372677
37.81757
36.672281
36.3979
37.351144
39.622342
43.255829
47.998671
53.561928
59.410391
65.362742
70.324713
74.016276
61.170509
60.719182
59.378337
58.320274
57.609528
57.21986
57.149837
57.429781
58.109441
59.26909
61.055877
63.792811
67.49399
71.931513
76.899818
82.095267
86.929159
91.112005
94.187829
70.007254
70.24855
69.705401
69.591981
69.944077
70.709105
71.747537
73.093355
74.767478
76.967659
79.711533
82.819654
86.427368
90.545287
95.085899
99.670184
104.00767
107.84084
110.82704
77.60747
78.235335
78.228619
78.697039
79.647701
80.987549
82.604721
84.48791
86.664931
89.228399
92.291817
95.762927
99.555063
103.65131
108.01724
112.32603
116.18652
119.19357
121.12341
83.589411
84.422102
84.748706
85.509222
86.735754
88.255075
90.025835
91.997663
94.225663
96.755054
99.598942
102.8046
106.27345
109.90927
113.59166
117.13032
120.13661
122.57119
123.97533
88.101521
89.015892
89.515941
90.38463
91.668184
93.138466
94.824277
96.653968
98.659469
100.88713
103.32323
106.03191
108.905
111.88912
114.88335
117.76595
120.21529
122.08234
123.13891
91.382284
92.292857
92.873022
93.740669
94.929061
96.256813
97.749504
99.339004
101.06449
102.92342
104.91628
107.08154
109.31758
111.61195
113.88254
116.04924
117.88751
119.26197
120.01227
93.743574
94.573703
95.160558
95.960375
97.003506
98.158142
99.406131
100.7273
102.14569
103.62738
105.21126
106.88526
108.57886
110.28452
111.95264
113.53174
114.87923
115.88771
116.41334
95.37234
96.087465
96.622625
97.327548
98.214319
99.181205
100.20147
101.2924
102.43227
103.6009
104.83752
106.1099
107.37929
108.63293
109.83069
110.94896
111.895
112.60384
112.94947
96.454614
97.079833
97.586859
98.178407
98.900611
99.679847
100.4956
101.36323
102.24569
103.15341
104.10017
105.05267
105.99229
106.89685
107.73818
108.5159
109.1611
109.64533
109.86692
97.182006
97.69335
98.133767
98.625528
99.210771
99.833606
100.49149
101.17607
101.85699
102.56223
103.26976
103.97203
104.65883
105.30885
105.91483
106.46955
106.92856
107.27568
107.42213
97.725464
98.12244
98.469555
98.870559
99.335215
99.824042
100.34447
100.87278
101.40017
101.94203
102.47223
103.00735
103.52513
104.01706
104.47164
104.87628
105.21065
105.4671
105.56507
98.078997
98.401169
98.689751
99.013565
99.376969
99.763918
100.16714
100.57189
100.98197
101.396
101.8033
102.21471
102.60444
102.97378
103.30664
103.59614
103.83257
104.01162
104.08629
98.366806
98.612855
98.83124
99.080518
99.362032
99.664713
99.978162
100.2918
100.61208
100.93221
101.24717
101.56132
101.85671
102.13049
102.37654
102.58574
102.7565
102.8853
102.94489
98.652839
98.824995
98.982314
99.176893
99.398087
99.625884
99.860309
100.10193
100.34654
100.58547
100.82317
101.0533
101.26935
101.47152
101.65285
101.80294
101.92425
102.02039
102.06369
98.862272
99.006948
99.125415
99.259439
99.416982
99.591941
99.773507
99.955012
100.1366
100.31834
100.49547
100.65979
100.8182
100.96754
101.09723
101.20548
101.2881
101.35958
101.37892
99.146384
99.229892
99.291536
99.378759
99.489848
99.611102
99.735224
99.864578
99.996248
100.12309
100.24909
100.37038
100.48558
100.59257
100.68723
100.76499
100.81979
100.88311
100.88345
99.232638
99.31593
99.380744
99.453265
99.53866
99.628392
99.722635
99.817652
99.906638
99.994568
100.08669
100.17454
100.25589
100.33131
100.39902
100.45679
100.49626
100.54114
100.53339
99.600043
99.58653
99.572416
99.600511
99.654077
99.716457
99.779837
99.836256
99.88966
99.946314
100.00302
100.05551
100.10426
100.14901
100.1911
100.22757
100.24811
100.28323
100.26427
99.36753
99.470002
99.589244
99.681416
99.746849
99.795824
99.833446
99.864109
99.895214
99.925624
99.951426
99.976396
100.00058
100.02034
100.03869
100.05767
100.06718
100.09214
100.09032
-28.313501
-30.090579
-33.451603
-37.528257
-41.524984
-45.258404
-48.834094
-49.797757
-49.339917
-46.940907
-41.31641
-34.659504
-26.943397
-18.35878
-9.4406384
-0.072528719
9.0446369
17.853739
26.092065
-26.496605
-27.942636
-31.027872
-35.045771
-39.139492
-42.961987
-46.22534
-47.52403
-47.350278
-45.327176
-41.187987
-35.269605
-27.821395
-19.551208
-10.906074
-1.8237543
7.1652875
15.732896
23.637845
-20.280438
-21.343267
-24.072769
-27.719752
-31.745886
-35.871883
-39.201449
-41.38694
-41.802645
-39.983374
-36.570366
-31.604113
-25.177427
-17.823397
-9.8482351
-1.2349497
7.1212905
14.932455
22.194016
-9.6088138
-10.301214
-12.668339
-15.643258
-19.008398
-22.616156
-25.803156
-28.160441
-29.160262
-28.519189
-26.303825
-22.525039
-17.454248
-11.270098
-4.1666507
3.5308776
10.796123
17.626215
23.873708
5.6040224
5.0122579
2.5970709
-0.48151666
-3.4609732
-6.5367706
-9.1544424
-11.351799
-12.5481
-12.754179
-11.387105
-8.5552879
-4.459114
0.79364465
6.7420178
12.819062
18.676523
24.212937
28.953079
26.566322
25.885129
22.882161
18.608705
14.212095
10.332068
6.9462863
4.8765303
4.2286215
4.6594176
6.2808333
8.8161475
12.310184
16.462774
20.803451
25.212455
29.520295
33.528743
36.74497
51.384446
51.187116
48.763507
44.63805
39.665412
34.85954
30.74072
27.701023
25.968836
25.576402
26.472869
28.153755
30.619581
33.197182
35.85789
38.59002
41.341518
44.055949
45.903178
75.933042
76.01312
74.170222
70.887463
66.689509
62.30728
57.912481
54.079079
51.098697
49.290021
48.571232
48.430299
48.828289
49.447178
50.355566
51.537744
53.005028
54.708163
55.421405
96.405563
97.177314
95.809967
93.016842
88.876549
84.46358
80.01207
75.983435
72.539554
69.877036
67.684256
65.961732
64.814807
63.956823
63.489347
63.404383
63.82801
64.660585
64.593779
112.91979
113.46525
112.04571
109.13842
105.21696
100.74942
96.256475
92.092994
88.335378
84.971385
82.034801
79.70053
77.701236
76.007826
74.66468
73.671957
73.32342
73.48252
72.9096
121.97637
121.81639
120.37814
117.75112
114.26794
110.20876
106.0155
101.95592
98.197213
94.806098
91.83811
89.263088
86.980163
84.999451
83.286667
81.880732
81.078604
80.781762
79.865418
124.54691
124.2318
122.92849
120.65122
117.54356
114.00639
110.30825
106.72987
103.38757
100.3482
97.650718
95.22365
93.036217
91.106407
89.364828
87.913252
86.922776
86.278819
85.197643
123.30638
122.95542
121.76639
119.80149
117.23014
114.35371
111.36243
108.46888
105.7265
103.19569
100.8909
98.772582
96.840405
95.081978
93.463501
92.119553
91.103417
90.297315
89.185912
120.10944
119.75335
118.76518
117.19595
115.20302
113.00566
110.73445
108.51679
106.37489
104.35322
102.46347
100.68765
99.054338
97.527058
96.097253
94.898018
93.942592
93.153104
92.149281
116.42241
116.09938
115.30889
114.1076
112.63022
111.00675
109.33654
107.67462
106.03778
104.46435
102.97143
101.54058
100.19935
98.936506
97.732777
96.690352
95.8404
95.11124
94.239805
112.92567
112.67145
112.07165
111.19396
110.1289
108.96204
107.74265
106.50666
105.26429
104.04952
102.88167
101.74549
100.65725
99.62836
98.642994
97.757159
97.023546
96.399659
95.666635
109.83012
109.63388
109.19262
108.58272
107.82968
107.01184
106.13336
105.22314
104.29348
103.36643
102.46759
101.58722
100.73059
99.911578
99.123763
98.398193
97.785965
97.254857
96.628921
107.37342
107.21377
106.87972
106.43842
105.89784
105.30829
104.67437
104.011
103.32716
102.63374
101.94494
101.26618
100.59283
99.942526
99.317239
98.731911
98.229458
97.768609
97.248661
105.49493
105.39237
105.13471
104.80937
104.40983
103.96446
103.4874
102.98109
102.46372
101.94269
101.41245
100.89229
100.37128
99.86031
99.373009
98.908479
98.501404
98.135165
97.728554
104.02618
103.96176
103.77015
103.53431
103.24445
102.9165
102.55908
102.17243
101.77706
101.37576
100.96567
100.56184
100.16239
99.765112
99.380366
99.016969
98.69157
98.39857
98.070986
102.90432
102.85983
102.71582
102.54158
102.33193
102.08657
101.81935
101.52523
101.21259
100.90307
100.59228
100.27516
99.96405
99.653374
99.353568
99.076612
98.827202
98.606795
98.359584
102.05346
102.01368
101.9054
101.77916
101.62827
101.44372
101.24569
101.03258
100.80006
100.56732
100.33121
100.08728
99.849348
99.616442
99.383837
99.159216
98.969429
98.818447
98.641298
101.39697
101.36632
101.28975
101.19959
101.08668
100.95344
100.80674
100.64985
100.48148
100.30633
100.12747
99.944797
99.763474
99.585954
99.413597
99.256572
99.121138
99.001009
98.852692
100.93115
100.89393
100.8387
100.77445
100.69146
100.59389
100.48648
100.36963
100.24668
100.12057
99.99299
99.860091
99.727466
99.601995
99.48206
99.370547
99.284048
99.223821
99.140677
100.58157
100.55079
100.51545
100.46612
100.40498
100.33482
100.25651
100.17317
100.0846
99.993816
99.906405
99.81789
99.724043
99.62897
99.538375
99.450907
99.378776
99.319684
99.238951
100.31942
100.29646
100.26778
100.23759
100.20013
100.15779
100.11162
100.06076
100.00496
99.946731
99.889933
99.836629
99.781173
99.719107
99.658338
99.606214
99.57714
99.586176
99.598403
100.12267
100.09141
100.07862
100.06796
100.05292
100.03701
100.02171
100.00304
99.982399
99.958333
99.927499
99.894569
99.860983
99.821034
99.769797
99.703579
99.613388
99.498792
99.391359
33.265471
39.496342
44.85003
49.463124
53.403045
56.745362
59.572703
61.942646
63.937888
65.628015
67.078272
68.310936
69.383037
70.310189
71.127495
71.860138
72.548147
73.223088
73.906464
30.770516
37.040029
42.4231
47.164089
51.276457
54.82865
57.907007
60.544792
62.792022
64.740647
66.413874
67.866201
69.140333
70.225945
71.195846
72.047175
72.843382
73.60387
74.372077
28.826457
34.61943
39.909192
44.700296
48.89997
52.669147
56.002571
58.897904
61.447962
63.663731
65.592567
67.280425
68.735034
70.008737
71.126069
72.121047
73.049118
73.926239
74.808095
29.301733
34.168713
38.916409
43.304861
47.366392
51.143758
54.525046
57.583183
60.316203
62.723386
64.857303
66.715829
68.347988
69.784483
71.051448
72.194632
73.245438
74.250925
75.24608
32.789711
36.240391
39.846029
43.394423
47.003569
50.444146
53.686787
56.727756
59.493252
62.012369
64.264602
66.260212
68.038901
69.608866
71.016012
72.283558
73.454069
74.583709
75.693777
38.860886
40.584799
42.711974
45.166624
47.908049
50.716426
53.608889
56.393326
59.061099
61.570519
63.858494
65.943777
67.814501
69.498553
71.015354
72.402473
73.690218
74.930145
76.157346
46.31676
46.470323
47.182551
48.394415
50.04934
52.039116
54.307556
56.65495
59.081219
61.431808
63.68445
65.778078
67.699543
69.460108
71.069069
72.556936
73.951878
75.290698
76.627483
54.426978
53.282547
52.718413
52.724859
53.289546
54.334055
55.806952
57.576323
59.581156
61.655015
63.767794
65.788904
67.724882
69.513486
71.187387
72.744782
74.239875
75.673397
77.112617
62.604627
60.458657
58.845389
57.804138
57.346702
57.44588
58.082889
59.158754
60.608036
62.292459
64.145827
66.020799
67.893021
69.668498
71.374502
72.981923
74.558966
76.080963
77.614722
70.29029
67.512477
65.130517
63.251611
61.933537
61.183213
61.003571
61.350055
62.171766
63.371017
64.864887
66.509792
68.23593
69.954048
71.65177
73.286508
74.911033
76.509008
78.128161
77.086089
74.058373
71.221608
68.751964
66.754252
65.287277
64.383416
64.033115
64.21344
64.870976
65.928551
67.267858
68.78431
70.389723
72.029648
73.662085
75.303985
76.959039
78.653883
82.687868
79.773919
76.804116
74.020903
71.556197
69.534428
68.021978
67.055174
66.634083
66.740342
67.320296
68.294325
69.543583
70.983143
72.523011
74.120463
75.759024
77.445316
79.19267
87.052861
84.47086
81.655027
78.832803
76.131489
73.737042
71.74589
70.263861
69.313027
68.897911
68.99567
69.569582
70.506953
71.730948
73.128607
74.662157
76.274762
77.964841
79.735134
90.349038
88.126656
85.614992
82.975283
80.2833
77.7276
75.419326
73.52826
72.119631
71.242668
70.892786
71.058002
71.654349
72.630339
73.848921
75.280478
76.843185
78.527113
80.298772
92.777502
90.941574
88.788124
86.429716
83.908673
81.371013
78.920387
76.750295
74.972706
73.694269
72.937784
72.707522
72.95792
73.663452
74.672355
75.976198
77.460304
79.115806
80.874485
94.489089
92.996765
91.198347
89.153497
86.885287
84.501616
82.081355
79.792121
77.761592
76.163297
75.055715
74.46272
74.376411
74.799692
75.587225
76.735443
78.121126
79.725654
81.463924
95.727098
94.543086
93.075047
91.351999
89.380552
87.211912
84.915487
82.62136
80.457294
78.614017
77.191365
76.282747
75.888338
76.01428
76.576808
77.551748
78.820057
80.344852
82.062466
96.563606
95.635253
94.438296
92.984017
91.286081
89.364513
87.255256
85.062301
82.893992
80.917527
79.266794
78.079707
77.413777
77.275786
77.613189
78.391285
79.530136
80.974644
82.662272
97.198411
96.478438
95.529821
94.346454
92.915038
91.244524
89.357358
87.295889
85.160956
83.116182
81.315448
79.899599
78.97829
78.584556
78.68183
79.258836
80.269766
81.618313
83.25563
97.641735
97.066596
96.300422
95.309635
94.09029
92.634524
90.947716
89.066485
87.052542
85.026879
83.151291
81.552528
80.395475
79.798714
79.72212
80.11844
80.985054
82.235275
83.822804
98.026586
97.578834
96.966738
96.164406
95.159836
93.944948
92.491822
90.788893
88.896475
86.918963
84.996986
83.272526
81.919064
81.09835
80.815673
81.011633
81.71368
82.857367
84.379939
98.351769
97.972449
97.476957
96.814893
95.930099
94.810897
93.50579
91.983349
90.224435
88.321739
86.429392
84.654839
83.1612
82.122593
81.673298
81.749508
82.333382
83.401245
84.868375
98.629558
98.330332
97.925752
97.397211
96.718298
95.838875
94.730475
93.400799
91.822078
90.016089
88.131606
86.283409
84.630471
83.39159
82.726089
82.60875
83.022049
83.962689
85.368451
98.944007
98.68492
98.340328
97.877767
97.264311
96.430712
95.384181
94.115795
92.630118
90.908157
89.053496
87.223115
85.520063
84.150822
83.346662
83.130846
83.466692
84.348403
85.713741
99.095928
98.90857
98.657129
98.328597
97.896537
97.295995
96.487287
95.468181
94.187494
92.62729
90.835455
88.9386
87.083877
85.447645
84.326057
83.860006
84.004971
84.767847
86.096909
99.454446
99.264886
99.00285
98.654086
98.2205
97.651735
96.86513
95.840418
94.563995
93.032434
91.260236
89.354046
87.466508
85.798259
84.625334
84.119086
84.238356
84.952232
86.262224
99.346135
99.367275
99.285443
99.111291
98.863917
98.504492
97.99649
97.278649
96.307118
94.994242
93.348356
91.427948
89.343091
87.290556
85.593257
84.590314
84.447012
85.084835
86.404444
74.616432
75.383882
76.233547
77.174717
78.202967
79.301215
80.49391
81.795398
83.203167
84.705684
86.305664
87.9862
89.741015
91.555849
93.417358
95.32742
97.26675
99.226654
101.18905
75.15326
75.978096
76.881461
77.869543
78.947144
80.11036
81.35997
82.698049
84.124812
85.634662
87.224912
88.88752
90.607144
92.374862
94.16618
95.986156
97.825671
99.665666
101.49955
75.676909
76.564698
77.525083
78.565335
79.690908
80.900117
82.190987
83.564567
85.016168
86.537416
88.118197
89.758883
91.4411
93.155203
94.879239
96.598061
98.327327
100.0476
101.75417
76.206606
77.154017
78.169824
79.262056
80.433307
81.682708
83.008346
84.406295
85.876148
87.406233
88.978589
90.590002
92.227839
93.881146
95.536409
97.162321
98.769579
100.36266
101.94018
76.743295
77.748307
78.816257
79.954703
81.169106
82.453926
83.805983
85.221972
86.696051
88.223896
89.784082
91.364969
92.950234
94.531843
96.107897
97.654301
99.155644
100.62569
102.07171
77.287344
78.349384
79.464494
80.645876
81.895102
83.214747
84.585713
86.012945
87.486258
89.00012
90.54173
92.083603
93.614913
95.117816
96.599498
98.057219
99.472346
100.84642
102.17134
77.836594
78.950202
80.10943
81.328511
82.603503
83.940874
85.335901
86.766267
88.239438
89.73224
91.243015
92.740758
94.210094
95.642777
97.026058
98.381328
99.695741
100.97997
102.21908
78.398148
79.551828
80.754044
82.002114
83.309987
84.654586
86.060544
87.488051
88.949638
90.424833
91.888012
93.340319
94.743557
96.106231
97.41179
98.671631
99.884619
101.06193
102.20508
78.964213
80.150895
81.388318
82.659155
83.987404
85.349983
86.747548
88.181117
89.618361
91.069244
92.484276
93.87734
95.21419
96.497947
97.729436
98.908642
100.03963
101.1212
102.16196
79.535397
80.755069
82.014822
83.310825
84.646946
86.026034
87.417573
88.836616
90.250317
91.658202
93.027347
94.358452
95.630043
96.841271
97.995697
99.096194
100.14242
101.13795
102.08725
80.115229
81.362536
82.638245
83.94994
85.290337
86.664981
88.050821
89.447046
90.831959
92.197911
93.520292
94.793531
96.003905
97.148625
98.229381
99.248932
100.20645
101.11667
101.98445
80.699127
81.958591
83.247708
84.567385
85.913046
87.276258
88.648079
90.024634
91.377228
92.699811
93.97134
95.181752
96.328354
97.40605
98.410929
99.350327
100.23407
101.07063
101.86815
81.279979
82.552857
83.847681
85.169607
86.515306
87.867708
89.224785
90.570706
91.883925
93.153686
94.373187
95.528427
96.615613
97.628704
98.566778
99.438367
100.25513
101.02233
101.74934
81.871197
83.145228
84.443779
85.759852
87.094094
88.433224
89.766858
91.073339
92.344783
93.569072
94.740796
95.843987
96.872711
97.823574
98.697626
99.503713
100.25533
100.95279
101.60712
82.460559
83.722923
85.017208
86.323656
87.6462
88.964639
90.269968
91.537708
92.775216
93.958451
95.079866
96.126856
97.095522
97.986153
98.80217
99.548146
100.23969
100.87733
101.47966
83.047857
84.299496
85.584403
86.878076
88.18528
89.479757
90.759876
91.999905
93.188254
94.315421
95.381082
96.370433
97.289246
98.129029
98.896231
99.592993
100.23569
100.81829
101.3673
83.628071
84.864054
86.136197
87.4122
88.694518
89.962545
91.208546
92.40456
93.546296
94.628208
95.656055
96.598954
97.467959
98.265917
98.98725
99.635277
100.22403
100.75851
101.2614
84.204884
85.418924
86.668958
87.92718
89.182524
90.423724
91.631736
92.791119
93.899707
94.940644
95.922853
96.825474
97.641564
98.388402
99.06971
99.676271
100.21967
100.70935
101.16703
84.766074
85.953054
87.177417
88.413938
89.642608
90.856406
92.031358
93.161752
94.236066
95.234444
96.163129
97.01753
97.795089
98.503742
99.154121
99.734877
100.24409
100.70282
101.12561
85.302765
86.468543
87.664949
88.878766
90.084161
91.272851
92.424465
93.515902
94.541192
95.499792
96.393728
97.216252
97.968945
98.654277
99.265501
99.806545
100.28264
100.70556
101.08222
85.829081
86.966478
88.132562
89.320088
90.5034
91.665081
92.781772
93.833748
94.827492
95.770398
96.645379
97.438596
98.147267
98.793678
99.37194
99.87644
100.32495
100.72556
101.07932
86.287215
87.401026
88.545998
89.71777
90.884404
92.022635
93.118322
94.160341
95.150839
96.066689
96.891694
97.645012
98.325866
98.946245
99.509144
99.998131
100.42385
100.80017
101.12116
86.764588
87.859464
88.988161
90.142467
91.295035
92.416787
93.500961
94.519344
95.467042
96.346891
97.145726
97.878725
98.549971
99.147413
99.678502
100.14101
100.53334
100.86963
101.15113
87.086435
88.163188
89.281475
90.424211
91.56661
92.678792
93.751804
94.772891
95.718442
96.59661
97.405829
98.139878
98.794262
99.369743
99.867833
100.29621
100.66004
100.96554
101.21869
87.487361
88.576084
89.713542
90.873644
92.036765
93.174645
94.266261
95.286032
96.225388
97.081388
97.85023
98.530199
99.123119
99.63962
100.09145
100.48211
100.814
101.08143
101.28484
87.633563
88.712196
89.844616
91.007114
92.163432
93.299433
94.392007
95.412717
96.35291
97.216589
97.996931
98.692948
99.305232
99.836354
100.29484
100.67613
100.97505
101.19923
101.35472
87.896146
89.062985
90.285663
91.528715
92.772774
93.984556
95.155024
96.246305
97.227573
98.078161
98.800501
99.425023
99.955685
100.39558
100.74882
101.01973
101.22243
101.35367
101.41562
103.12749
105.0945
107.07313
108.98622
110.88775
112.73506
114.52443
116.24013
117.85959
119.38665
120.79451
122.09726
123.2493
124.2725
125.14472
125.86649
126.4152
126.80642
127.02889
103.28879
105.10076
106.94228
108.74071
110.51458
112.25673
113.95084
115.58056
117.12576
118.58449
119.93395
121.18314
122.29623
123.2798
124.11911
124.82082
125.3532
125.72981
125.95015
103.42112
105.0842
106.77323
108.46376
110.12896
111.76498
113.36061
114.90172
116.36703
117.75778
119.04859
120.24127
121.31244
122.26407
123.07331
123.74756
124.26568
124.62471
124.84065
103.49262
105.04148
106.59233
108.15368
109.71758
111.25986
112.75467
114.20239
115.59032
116.91335
118.14347
119.28234
120.31307
121.23025
122.01029
122.6568
123.1585
123.5073
123.71872
103.50377
104.9487
106.3909
107.8373
109.28332
110.72401
112.12916
113.4939
114.80382
116.05775
117.2301
118.32094
119.30786
120.1828
120.93342
121.55922
122.04696
122.39103
122.59087
103.47852
104.81649
106.15086
107.49408
108.83983
110.17739
111.48811
112.77487
114.0174
115.20428
116.31522
117.35753
118.29834
119.13233
119.8543
120.45761
120.93012
121.26687
121.45672
103.41872
104.64484
105.88117
107.12951
108.37975
109.62565
110.8533
112.05779
113.22265
114.3451
115.40291
116.39189
117.29034
118.08889
118.78452
119.36213
119.82034
120.14769
120.32347
103.3129
104.44767
105.59196
106.74956
107.9076
109.06292
110.20907
111.34082
112.43475
113.49275
114.49968
115.43817
116.29167
117.05896
117.72869
118.28238
118.71621
119.02938
119.20503
103.17183
104.21921
105.27746
106.34617
107.42073
108.50115
109.57114
110.63044
111.66456
112.66376
113.61335
114.50153
115.31421
116.04773
116.68682
117.21348
117.63115
117.93024
118.10165
103.00379
103.96601
104.94645
105.94003
106.93991
107.94332
108.94611
109.94234
110.91321
111.85138
112.74441
113.58499
114.359
115.05849
115.66538
116.17169
116.56916
116.85349
117.02909
102.81666
103.70111
104.60812
105.53229
106.46539
107.40395
108.3347
109.26054
110.16947
111.05009
111.89603
112.695
113.42769
114.09018
114.66605
115.15725
115.54145
115.81477
115.97835
102.63144
103.44854
104.28615
105.13807
105.99947
106.8695
107.73561
108.59613
109.44563
110.27944
111.08021
111.83305
112.52804
113.15524
113.70438
114.17183
114.53647
114.80341
114.95644
102.44005
103.18769
103.9562
104.73953
105.53303
106.33862
107.15287
107.96972
108.76901
109.55102
110.30078
111.00722
111.66929
112.26228
112.78384
113.21925
113.5689
113.82642
113.97371
102.23292
102.92115
103.62893
104.3579
105.10903
105.86984
106.62906
107.38078
108.12609
108.85992
109.5586
110.22449
110.84446
111.40405
111.90033
112.31616
112.64461
112.87551
113.02464
102.06032
102.69917
103.35686
104.02987
104.71262
105.40839
106.10931
106.80668
107.49911
108.18576
108.84922
109.4759
110.05446
110.58657
111.0545
111.44553
111.76096
111.9874
112.11857
101.89801
102.47736
103.07124
103.68803
104.32104
104.96504
105.612
106.27474
106.9298
107.5659
108.18458
108.77898
109.32684
109.82292
110.264
110.63231
110.92071
111.14513
111.27474
101.74855
102.28163
102.82728
103.39232
103.97327
104.57308
105.18294
105.79801
106.40832
107.0016
107.57379
108.12628
108.64083
109.10896
109.52194
109.8791
110.16044
110.37003
110.48309
101.61488
102.10487
102.61361
103.14561
103.69329
104.23982
104.79504
105.35236
105.90783
106.46013
106.99912
107.50953
107.99191
108.44078
108.84092
109.17642
109.44654
109.63856
109.76235
101.53194
101.98062
102.43923
102.913
103.39951
103.9004
104.41466
104.93211
105.44627
105.96524
106.47851
106.96665
107.4261
107.84653
108.21136
108.51498
108.77729
108.96309
109.0797
101.43382
101.8281
102.24566
102.69137
103.14644
103.61383
104.09366
104.58219
105.07843
105.56648
106.03902
106.49149
106.90951
107.29105
107.62879
107.92547
108.16602
108.3375
108.44578
101.406
101.78009
102.17117
102.56784
102.98108
103.41674
103.8582
104.29769
104.7418
105.18276
105.61614
106.03449
106.42662
106.7895
107.11975
107.39667
107.59911
107.76139
107.86498
101.40874
101.73636
102.07504
102.43656
102.80954
103.19156
103.58574
103.99448
104.40816
104.82043
105.22324
105.61732
105.99274
106.33604
106.63667
106.89434
107.11332
107.28501
107.3882
101.3912
101.6806
101.98189
102.29571
102.62439
102.97759
103.35653
103.74429
104.12885
104.51358
104.89261
105.26151
105.61995
105.94094
106.22908
106.48811
106.69567
106.83515
106.92325
101.42596
101.66265
101.91827
102.1968
102.50154
102.82425
103.15575
103.49974
103.86045
104.22263
104.583
104.93727
105.27059
105.57945
105.86271
106.09839
106.28916
106.44072
106.54952
101.44094
101.63023
101.84063
102.07804
102.33717
102.61952
102.9285
103.26109
103.60562
103.95817
104.31435
104.65901
104.98009
105.28063
105.54942
105.7848
105.98555
106.13992
106.22558
101.4514
101.58522
101.74938
101.94459
102.17317
102.43548
102.72318
103.03234
103.36034
103.70262
104.04869
104.38839
104.7158
105.02297
105.30704
105.55334
105.75326
105.90478
106.009
101.43808
101.51598
101.64233
101.80837
102.00516
102.23589
102.50007
102.79202
103.10905
103.44478
103.7929
104.15012
104.5026
104.83666
105.13984
105.40353
105.62436
105.79055
105.89699
105.94183
105.92323
105.846
105.71327
105.53243
105.30677
105.04723
104.76197
104.4653
104.17243
103.88763
103.61504
103.36068
103.12922
102.92655
102.75218
102.60369
102.4909
102.42159
106.05038
106.02715
105.95713
105.8368
105.6658
105.45854
105.22441
104.96545
104.68956
104.40244
104.1128
103.83131
103.56412
103.31297
103.08019
102.87653
102.70297
102.55551
102.43545
106.26262
106.25627
106.17974
106.0558
105.89433
105.699
105.46812
105.21431
104.93408
104.6379
104.33815
104.04139
103.75219
103.4805
103.23038
103.00154
102.79003
102.60094
102.43084
106.58932
106.56027
106.48339
106.36434
106.2044
105.99342
105.75244
105.48605
105.19222
104.88645
104.57662
104.26679
103.96903
103.68014
103.39435
103.12198
102.87035
102.63887
102.42556
106.96398
106.9524
106.89195
106.76087
106.57665
106.35768
106.10362
105.81018
105.5005
105.17806
104.84844
104.51356
104.17293
103.8353
103.51868
103.22527
102.9419
102.66504
102.40129
107.43123
107.40883
107.31558
107.17068
106.98415
106.75344
106.48022
106.16663
105.83485
105.49165
105.13117
104.76448
104.40249
104.05174
103.71126
103.37419
103.04263
102.73335
102.43554
107.90332
107.87865
107.79252
107.66431
107.46549
107.20912
106.91452
106.58876
106.23488
105.85899
105.47163
105.08144
104.69002
104.29341
103.89831
103.52211
103.16243
102.8056
102.4591
108.48194
108.45571
108.36309
108.20229
107.98013
107.7159
107.40505
107.05701
106.6686
106.25749
105.82965
105.38608
104.94454
104.5093
104.08306
103.66464
103.25196
102.86418
102.49878
109.12163
109.08631
108.97824
108.7988
108.56955
108.28131
107.93329
107.5446
107.11932
106.66885
106.20709
105.74469
105.27816
104.80981
104.35139
103.90274
103.46752
103.04771
102.62932
109.80626
109.76024
109.64753
109.45834
109.20359
108.87736
108.50326
108.08813
107.64656
107.17505
106.68157
106.18324
105.68088
105.17622
104.67742
104.17101
103.67253
103.19662
102.74286
110.52394
110.49398
110.37331
110.16706
109.88878
109.55159
109.16161
108.71701
108.23682
107.73178
107.20348
106.6541
106.09546
105.53601
104.98319
104.44342
103.91549
103.40358
102.90755
111.31538
111.27493
111.1381
110.92851
110.64144
110.28264
109.86184
109.38838
108.86651
108.3147
107.74452
107.15175
106.54658
105.95374
105.35815
104.76778
104.18956
103.63247
103.09069
112.16043
112.11782
111.97581
111.74968
111.44162
111.05609
110.59942
110.09827
109.54571
108.95098
108.329
107.70086
107.06176
106.41755
105.77567
105.1439
104.51517
103.89712
103.29466
113.07042
113.00802
112.86142
112.6239
112.29097
111.87992
111.39951
110.86041
110.26795
109.64198
108.97923
108.30188
107.613
106.91596
106.21206
105.50663
104.81733
104.15153
103.50754
114.02215
113.95975
113.79385
113.53252
113.18437
112.74734
112.2396
111.6584
111.02919
110.35707
109.64981
108.91724
108.16592
107.41037
106.65692
105.91343
105.17916
104.45997
103.76049
115.0027
114.93825
114.76797
114.48925
114.11364
113.6492
113.10817
112.495
111.82372
111.10068
110.34256
109.5621
108.76994
107.97004
107.16049
106.35278
105.5516
104.76492
104.00022
116.02421
115.95665
115.77216
115.48103
115.08059
114.59422
114.01975
113.37227
112.65817
111.89053
111.08299
110.25124
109.39685
108.53108
107.65368
106.77777
105.90988
105.05997
104.23517
117.07259
116.9984
116.80718
116.50298
116.08567
115.57286
114.96514
114.27714
113.51904
112.71097
111.85505
110.95967
110.03489
109.10162
108.15854
107.21897
106.28848
105.37257
104.4759
118.15059
118.0763
117.86986
117.54854
117.11838
116.57354
115.93068
115.20858
114.40807
113.5446
112.62832
111.6723
110.68687
109.68469
108.67014
107.66562
106.66921
105.68096
104.70294
119.25551
119.17831
118.96247
118.62403
118.16941
117.59388
116.91852
116.15767
115.30935
114.38947
113.41502
112.4026
111.35166
110.28003
109.19742
108.11454
107.03657
105.96922
104.90807
120.37565
120.29692
120.07351
119.71282
119.23177
118.63304
117.92902
117.12232
116.22546
115.25877
114.22538
113.14762
112.02511
110.87256
109.70732
108.54077
107.37607
106.22196
105.07768
121.50684
121.41562
121.1857
120.81457
120.30919
119.68662
118.95174
118.1027
117.15388
116.13625
115.03934
113.88521
112.68149
111.45431
110.20574
108.95502
107.70201
106.44897
105.20219
122.64175
122.5462
122.30128
121.919
121.39518
120.74624
119.97284
119.0785
118.08119
117.00401
115.84515
114.62454
113.34436
112.0303
110.69375
109.34961
107.99865
106.65022
105.28988
123.77024
123.66948
123.42021
123.02312
122.47779
121.80012
120.98435
120.04826
119.00922
117.87644
116.64814
115.35263
114.00115
112.60496
111.17109
109.71896
108.25731
106.80609
105.34366
124.89357
124.78324
124.53085
124.11594
123.54682
122.84241
121.98854
121.01627
119.92984
118.73953
117.4466
116.07881
114.64248
113.15708
111.63278
110.07636
108.49266
106.91115
105.34257
126.00197
125.88675
125.62041
125.19214
124.5998
123.86564
122.97958
121.97297
120.83338
119.58897
118.23039
116.79064
115.2739
113.69167
112.06791
110.41293
108.71655
106.98686
105.28347
127.08253
126.96956
126.68905
126.24771
125.63449
124.86896
123.95105
122.9112
121.71934
120.419
119.00066
117.4954
115.89819
114.22284
112.49266
110.71759
108.90998
107.03809
105.18551
102.93678
101.98166
100.58258
98.635221
95.724514
91.829168
84.8547
81.274784
62.974308
100.87096
99.609174
97.874634
95.514348
92.171488
87.851426
79.793409
76.277292
56.187224
98.822055
97.278278
95.238821
92.464626
88.702441
84.063613
74.854954
71.532617
49.593189
96.812065
95.001939
92.692554
89.524775
85.324045
80.519511
70.046791
67.080938
43.350634
94.846495
92.799106
90.258055
86.762571
82.030818
77.282566
65.403369
62.991206
37.4548
92.947303
90.68331
87.936036
84.228833
78.822869
74.390111
60.950635
59.27533
32.043028
91.127414
88.683878
85.72433
81.955802
75.719003
71.872332
56.76262
55.96182
27.099796
89.389082
86.822362
83.621159
79.965637
72.741812
69.735524
52.919071
53.039669
22.785044
87.744709
85.140096
81.618336
78.265536
69.970131
67.963034
49.553666
50.528254
19.090353
86.189987
83.656612
79.725544
76.845886
67.469142
66.50662
46.782813
48.408622
16.220175
84.737967
82.363088
77.961192
75.688522
65.361437
65.289925
44.742439
46.703398
14.151711
83.395419
81.248155
76.379303
74.72642
63.76008
64.231117
43.527423
45.400479
13.020989
82.181645
80.275743
75.078548
73.861934
62.793396
63.286279
43.173368
44.539197
12.77596
81.104059
79.381725
74.137409
73.026471
62.486272
62.480721
43.658244
44.185691
13.439621
80.174495
78.527731
73.578421
72.242911
62.791364
61.915182
44.878865
44.507515
14.947788
79.376024
77.73971
73.327675
71.637693
63.471965
61.827206
46.548694
45.71972
17.349614
78.693831
77.056806
73.281425
71.322646
64.417307
62.305939
48.611391
47.886407
20.608906
78.0992
76.503802
73.36653
71.333958
65.556678
63.377001
51.026286
50.984546
24.811996
77.575369
76.095832
73.558133
71.669612
66.903111
64.993223
53.837838
54.95119
29.937707
77.09747
76.651448
76.228252
75.809501
75.378242
74.876075
74.247245
73.475934
72.525647
71.37034
69.968726
68.245269
66.143475
63.605856
60.49712
56.702427
52.165832
46.741736
40.299267
75.825299
75.668279
75.60172
75.594703
75.600037
75.525396
75.32128
74.982891
74.477923
73.768981
72.792111
71.489926
69.812726
67.698665
65.050654
61.77412
57.760607
52.704698
46.693327
73.848084
74.231181
74.695348
75.206407
75.733352
76.220905
76.701847
77.047719
77.195513
77.113934
76.766296
76.104504
75.085947
73.658198
71.716538
69.219247
65.889728
61.649447
56.658335
72.27475
73.097823
74.066798
75.144681
76.263544
77.388918
78.473349
79.524004
80.441001
81.174721
81.633919
81.768434
81.594142
81.019787
80.040211
78.400375
75.943431
72.691997
68.167674
68.45122
70.230401
72.179131
74.283223
76.395974
78.485529
80.414112
82.219707
83.89092
85.514543
86.880112
87.969554
88.774154
89.321984
89.470115
88.811261
87.269892
84.096167
79.796083
67.05695
69.445755
72.042724
74.767912
77.499324
80.181324
82.652575
84.951999
87.123399
89.229905
91.318777
93.381663
95.351829
97.236639
98.275973
98.342917
96.769215
93.33832
88.563896
57.093152
60.837901
65.039227
69.613372
74.403132
79.201741
83.738962
87.639968
90.449807
92.232924
93.433061
95.424403
98.646239
101.23047
102.94942
103.69337
101.83171
98.603748
94.339759
59.636453
64.922019
70.630877
76.613162
82.676665
88.535917
93.82731
97.946989
100.22366
99.664436
95.436967
94.158452
98.645021
101.39933
102.11614
102.17219
101.5938
100.75514
98.718518
36.016926
42.995108
50.880865
59.531441
68.858641
78.370654
87.748641
95.663962
101.19073
101.02378
98.434849
98.089251
96.738065
97.210528
99.303946
99.711826
99.216555
98.54223
96.137256
32.874045
24.988069
17.047008
8.1618466
-1.0251572
-9.8032978
-18.056906
-24.944182
-31.293974
-36.219892
-39.341107
-40.725043
-40.003079
-37.975148
-35.251914
-31.811906
-28.594848
-26.026117
-24.935783
40.1826
33.046964
25.234603
16.640659
8.0206867
-0.28957635
-8.0705955
-14.313351
-19.647997
-23.693204
-26.073309
-26.911281
-26.264281
-24.736527
-22.28689
-19.360629
-16.793568
-14.641845
-13.828312
50.463746
43.56233
35.948034
27.497795
19.620627
11.867841
4.5494098
-1.3443792
-5.9494863
-9.1430263
-10.877288
-11.293788
-10.52436
-8.7044567
-5.863419
-3.1455307
-0.69977317
1.4957537
2.0069887
62.679494
56.393205
48.569584
39.866919
32.001128
24.653295
17.757
12.123401
8.0309388
5.4794341
4.456324
4.831011
6.3896276
8.89587
12.24715
15.37178
18.240676
20.355929
20.573721
74.212074
67.374908
59.941581
51.806453
44.151444
37.198947
31.10566
26.114119
22.564482
20.541131
20.035632
21.023607
23.391326
26.751002
30.754766
34.570967
38.262533
40.572771
40.658425
82.851021
76.77202
69.846608
62.228304
54.828359
48.139463
42.462873
38.200002
35.466513
34.259914
34.593074
36.472009
39.75589
44.003717
48.64341
53.239682
57.926907
60.515382
60.823017
89.276397
83.479542
77.347306
70.751481
63.885137
57.258092
51.500992
47.135965
44.59974
44.063663
45.478682
48.599159
53.03376
58.422619
64.184794
69.928114
75.338308
78.517665
79.672178
95.475627
90.758376
84.909419
78.348995
71.459784
64.854356
59.128
55.047308
53.035328
52.896153
54.52761
57.878676
62.812219
69.027171
75.924144
83.00566
88.928902
92.860856
95.135707
92.207231
86.84139
80.354808
73.193499
65.895593
59.054375
53.232298
49.04922
47.062784
47.609158
50.645515
56.026393
63.306008
71.81895
80.755574
89.213155
96.240826
101.1459
104.17056
-25.330855
-27.590735
-30.924546
-34.847593
-38.825959
-42.359171
-45.416378
-46.377674
-45.37077
-42.527772
-37.086915
-31.193851
-24.134171
-15.935217
-7.240833
1.917063
10.722292
19.117167
27.218375
-14.730133
-17.462467
-20.747589
-24.551448
-28.441719
-31.486041
-33.787486
-34.84548
-34.295619
-32.267424
-28.155273
-22.924002
-16.53817
-8.4875361
-0.26629932
8.3521873
16.936307
24.898517
32.131319
0.89522712
-1.922123
-5.478056
-9.3520149
-13.486076
-16.755119
-19.172382
-20.819698
-20.841345
-19.209747
-15.815034
-11.135722
-5.0965199
2.3640493
9.7795498
17.708189
26.054189
34.086882
41.539465
19.439737
16.533954
12.446583
8.1009013
3.5229589
-0.53359456
-3.5203161
-5.475296
-5.9925137
-4.9978618
-2.4276672
1.6741331
7.2686639
13.894683
20.96262
29.14261
38.009312
45.479384
52.512625
39.610147
36.452293
31.643611
26.678162
21.569253
16.407579
12.518585
9.8806904
8.6481438
8.9186875
10.792538
14.23996
19.200453
25.245882
32.352043
40.298554
48.686501
57.142532
64.240066
59.78638
56.351634
51.0371
44.986947
39.015996
33.062173
27.975297
24.234235
22.045437
21.570795
22.777131
25.673738
30.198434
36.1947
43.325801
51.222036
59.529932
66.678283
73.324718
78.687377
74.781485
69.153994
62.020011
54.747046
47.766662
41.424589
36.437179
33.082229
31.668256
32.334694
35.036444
39.615286
45.784898
52.838419
60.272316
67.407341
74.131865
80.549402
94.402287
90.085287
83.877985
76.016833
67.30589
59.122482
52.040719
46.556807
42.849128
40.943864
40.764785
43.03696
47.724372
54.080023
61.285029
68.825726
76.027613
82.587255
87.819628
103.79128
99.313658
92.388557
83.08759
72.665894
62.017646
52.214171
43.977608
38.094287
34.890723
34.521491
36.882218
41.552209
47.8758
55.286499
63.136501
70.893402
77.882616
83.74808
34.610095
41.033122
46.399267
50.941803
54.764528
57.933953
60.567159
62.738177
64.568897
66.088822
67.367551
68.425489
69.294205
70.01137
70.614438
71.164048
71.69154
72.221763
72.769514
38.834789
45.294098
50.502193
54.719803
58.228674
61.059568
63.39689
65.250401
66.739875
67.899164
68.778534
69.436602
69.905513
70.225513
70.378521
70.504845
70.648367
70.849629
71.13164
47.524664
52.929917
57.554096
61.189673
64.027837
66.237736
67.95827
69.231395
70.131584
70.707433
70.970889
70.981005
70.775123
70.496402
70.133848
69.742844
69.355776
69.023053
68.762853
58.488312
63.21461
66.98506
69.783323
71.761328
73.072705
73.970637
74.451089
74.550922
74.327372
73.816452
73.068483
72.196827
71.249147
70.275611
69.302617
68.367024
67.540104
66.861362
70.108879
74.77609
78.174382
79.976977
80.918567
81.104577
80.906694
80.399405
79.53955
78.407987
77.022544
75.500528
73.813838
71.987568
70.003512
68.001875
66.030752
64.210867
62.566582
79.756666
84.540252
88.184183
89.942886
89.903787
89.092916
87.481386
85.786447
83.967301
82.085729
80.109436
78.041359
75.829016
73.442779
70.853836
68.220955
65.605277
63.131787
60.878135
86.002131
90.761627
94.238823
95.887975
95.558412
93.969902
91.101318
87.824746
86.185632
85.039539
83.261604
80.425649
76.488708
71.971722
67.199166
62.479135
57.987229
53.911966
50.295902
91.669923
94.044006
95.164556
95.870117
95.653739
94.47948
90.999877
86.544282
88.690356
92.836322
93.262102
90.913385
86.694945
81.345966
75.439336
69.381166
63.401433
57.75212
52.544928
88.035843
90.76959
91.911783
92.391752
91.597358
89.728225
89.527579
90.891248
91.515329
94.737312
94.554472
88.406614
80.073888
70.404962
60.719937
51.29738
42.645342
34.781464
27.890727
73.350351
73.980389
74.675983
75.460135
76.361122
77.406219
78.595523
79.922477
81.375208
82.937503
84.602909
86.360829
88.211329
90.144956
92.158648
94.234116
96.358145
98.514559
100.68552
71.533582
72.075972
72.764028
73.575792
74.475087
75.428692
76.424723
77.508975
78.7431
80.161779
81.77471
83.585807
85.572424
87.696828
89.934452
92.257883
94.655306
97.104257
99.597076
68.595146
68.515534
68.542145
68.710368
69.114901
69.850024
70.959313
72.415758
74.138983
76.033557
78.050136
80.175696
82.407045
84.748051
87.200696
89.767022
92.444765
95.212022
98.05649
66.410109
66.241139
66.403775
66.888466
67.639909
68.533895
69.473986
70.446899
71.530113
72.82659
74.391539
76.244025
78.38676
80.811114
83.496441
86.406466
89.48783
92.678865
95.942674
61.149139
59.933572
58.914719
58.08453
57.525173
57.381498
57.895809
59.080203
60.889589
63.187679
65.861574
68.798434
71.930675
75.189165
78.55077
81.996743
85.526902
89.147067
92.852284
58.959647
57.501723
56.608671
56.330473
56.6311
57.393984
58.343819
59.411318
60.590453
61.940523
63.545002
65.476794
67.778579
70.468406
73.533511
76.944778
80.657484
84.611949
88.754544
47.180339
44.492294
42.203539
40.25761
38.711457
37.642211
37.344199
37.922589
39.380148
41.656428
44.654433
48.232028
52.276546
56.657792
61.307179
66.14813
71.150639
76.27248
81.512765
47.974557
44.148017
41.229303
39.276922
38.298042
38.199925
38.756071
39.80595
41.293963
43.188745
45.492492
48.187026
51.293243
54.801132
58.716636
63.004226
67.643103
72.57294
77.758052
21.942389
16.97018
12.915446
9.8466171
7.6249157
6.3034508
5.8357894
6.3050539
7.6868329
10.017041
13.142601
17.067266
21.612206
26.789328
32.45653
38.606353
45.084648
51.894588
58.896956
102.87265
105.06548
107.23142
109.36072
111.46893
113.49758
115.46868
117.33683
119.10468
120.77322
122.3122
123.72847
124.98321
126.09738
127.04888
127.84382
128.42507
128.83911
129.09822
102.11739
104.63929
107.14575
109.62839
112.06742
114.43146
116.72659
118.90607
120.99011
122.92874
124.70554
126.3305
127.79983
129.11674
130.21735
131.11089
131.82736
132.3276
132.58342
100.93947
103.8409
106.73201
109.59974
112.41347
115.15731
117.80805
120.33864
122.7543
124.99744
127.08763
129.00284
130.73108
132.25471
133.50552
134.5742
135.38289
135.95224
136.26982
99.245315
102.56885
105.88615
109.18122
112.4236
115.59743
118.6661
121.60856
124.39245
126.99987
129.43829
131.65077
133.65888
135.40552
136.87096
138.09831
139.04474
139.70389
140.04873
96.625586
100.43919
104.25761
108.0596
111.81406
115.49609
119.06103
122.48519
125.72659
128.77355
131.58847
134.15926
136.49375
138.48261
140.18407
141.64356
142.70392
143.4292
143.85842
93.031885
97.398504
101.80303
106.19628
110.52792
114.77813
118.90602
122.86832
126.61063
130.11298
133.3598
136.34404
139.02488
141.36844
143.41985
145.04217
146.18902
147.14597
147.60127
86.846889
92.250129
97.61028
102.87595
108.00651
112.98501
117.77103
122.33758
126.64292
130.69036
134.45092
137.91829
141.02861
143.75025
146.0392
147.90019
149.37543
150.4644
150.92454
83.100602
88.553434
94.06819
99.631058
105.1546
110.62446
115.9458
121.10461
125.99791
130.62592
134.90837
138.83706
142.32652
145.43571
148.03664
150.20762
151.91934
153.13927
153.61752
66.11459
73.393631
80.728462
87.970233
95.123932
102.07131
108.85428
115.33091
121.51884
127.27358
132.60315
137.37515
141.67785
145.42494
148.67028
151.27213
153.29179
154.36406
155.27358
129.15233
129.01503
128.71478
128.24058
127.55819
126.72187
125.72249
124.58488
123.2878
121.86252
120.31389
118.66922
116.91678
115.06818
113.15559
111.16768
109.15678
107.09546
105.01342
132.65053
132.5072
132.12396
131.53101
130.76204
129.78456
128.59621
127.24887
125.74136
124.08419
122.26803
120.31468
118.26395
116.09312
113.85304
111.53539
109.17529
106.78671
104.3819
136.33555
136.15072
135.71861
135.03902
134.09646
132.96816
131.55823
129.95669
128.17377
126.2199
124.10998
121.82178
119.42041
116.89734
114.28503
111.60012
108.86119
106.10063
103.33127
140.11686
139.90485
139.38582
138.58243
137.49179
136.15354
134.54402
132.6846
130.59971
128.29217
125.82656
123.17196
120.36229
117.43176
114.40276
111.30242
108.14895
104.9762
101.79571
143.92834
143.64512
143.0583
142.12895
140.83362
139.28517
137.42146
135.23113
132.80762
130.13514
127.24128
124.14911
120.8715
117.45236
113.92537
110.32887
106.67454
103.00328
99.341972
147.67608
147.3698
146.54982
145.55489
144.08081
142.19552
140.01371
137.48912
134.66598
131.58598
128.2419
124.64787
120.83789
116.87739
112.79277
108.617
104.37756
100.13893
95.938134
150.99741
150.72379
149.77521
148.46404
146.78515
144.6721
142.10751
139.15643
135.86109
132.27156
128.38907
124.24491
119.84146
115.23422
110.43291
105.47854
100.38642
95.209109
90.002503
153.73586
153.40837
152.34955
150.82426
148.83959
146.39338
143.44119
140.13186
136.38861
132.28746
127.83421
123.12083
118.15983
113.03484
107.74055
102.39102
97.012701
91.686279
86.423753
155.34722
154.60234
153.80238
151.98257
149.57943
146.53569
143.01892
138.93038
134.33247
129.15629
123.58482
117.61074
111.36518
104.79794
98.046681
91.079532
84.06031
76.978598
69.957288
)
;

boundaryField
{
    back
    {
        type            empty;
    }
    top
    {
        type            zeroGradient;
    }
    front
    {
        type            empty;
    }
    outlet
    {
        type            fixedValue;
        value           uniform 100;
    }
    bottom
    {
        type            zeroGradient;
    }
    inlet
    {
        type            zeroGradient;
    }
    wall
    {
        type            zeroGradient;
    }
}


// ************************************************************************* //
