/*--------------------------------*- C++ -*----------------------------------*\
  =========                 |
  \\      /  F ield         | OpenFOAM: The Open Source CFD Toolbox
   \\    /   O peration     | Website:  https://openfoam.org
    \\  /    A nd           | Version:  11
     \\/     M anipulation  |
\*---------------------------------------------------------------------------*/
FoamFile
{
    format      ascii;
    class       volScalarField;
    location    "4.6";
    object      p;
}
// * * * * * * * * * * * * * * * * * * * * * * * * * * * * * * * * * * * * * //

dimensions      [0 2 -2 0 0 0 0];

internalField   nonuniform List<scalar> 
5472
(
110.45473
108.75327
107.0689
105.39212
103.74397
102.15262
100.60274
99.136723
97.761255
96.463733
95.274925
94.224479
93.263807
92.458442
91.789444
91.315296
90.939244
90.646108
90.559594
110.78675
109.26473
107.72172
106.13443
104.5915
103.08549
101.5909
100.16334
98.814497
97.557046
96.372232
95.320208
94.374676
93.55133
92.861166
92.301447
91.87117
91.586009
91.486869
111.10977
109.72023
108.29409
106.84933
105.40812
103.96234
102.55356
101.17104
99.837811
98.608916
97.442747
96.388789
95.444046
94.606142
93.883117
93.301957
92.871158
92.53918
92.404384
111.36533
110.09383
108.79482
107.47411
106.14401
104.8089
103.46849
102.11835
100.83826
99.624126
98.467918
97.432156
96.474555
95.622762
94.882293
94.294093
93.829871
93.493268
93.31366
111.55261
110.38032
109.19701
108.03007
106.81759
105.55147
104.26882
103.00408
101.76944
100.57566
99.457654
98.421868
97.478464
96.614498
95.869061
95.251897
94.755058
94.424876
94.1957
111.65079
110.61688
109.57078
108.51661
107.40489
106.22073
105.02807
103.81521
102.62782
101.49038
100.40165
99.372461
98.433769
97.576819
96.828015
96.188187
95.699043
95.321542
95.07587
111.7147
110.78356
109.8683
108.9061
107.89092
106.83211
105.70271
104.56582
103.43857
102.32518
101.27361
100.26948
99.350723
98.489977
97.73356
97.091413
96.574906
96.192417
95.934503
111.73859
110.92712
110.09598
109.22662
108.31152
107.33732
106.31788
105.26811
104.16641
103.11335
102.10964
101.12995
100.22047
99.365279
98.627706
97.97653
97.458243
97.058661
96.762676
111.74438
111.00197
110.26519
109.50132
108.67292
107.78789
106.8328
105.84139
104.83921
103.84876
102.86885
101.92989
101.01946
100.18843
99.447416
98.799544
98.284526
97.861406
97.56019
111.70859
111.05664
110.37996
109.69542
108.97258
108.17608
107.30115
106.38651
105.44749
104.50563
103.57451
102.68459
101.8071
100.99302
100.24772
99.610377
99.072884
98.653345
98.336784
111.63352
111.0497
110.47228
109.86964
109.20995
108.48818
107.69935
106.85585
105.98183
105.09537
104.21907
103.3554
102.5111
101.72173
100.99906
100.37645
99.830416
99.414657
99.069103
111.54443
111.03695
110.54252
110.00092
109.40612
108.7555
108.03808
107.27758
106.4821
105.65563
104.82463
103.99526
103.18062
102.40037
101.69363
101.06869
100.54537
100.12356
99.768081
111.44382
111.01267
110.56896
110.08877
109.56383
108.97383
108.32011
107.61105
106.88167
106.12302
105.34793
104.57112
103.79781
103.05336
102.36985
101.74621
101.22597
100.78686
100.43187
111.3143
110.95741
110.56775
110.15189
109.69197
109.17113
108.58389
107.94135
107.27025
106.55356
105.82006
105.07891
104.33463
103.62398
102.9728
102.36951
101.8601
101.41882
101.06013
111.22158
110.88705
110.549
110.18448
109.76628
109.29567
108.76613
108.19326
107.58926
106.94343
106.2662
105.56407
104.85263
104.1721
103.53463
102.94511
102.44356
102.00347
101.63965
111.10841
110.83408
110.54915
110.23308
109.85956
109.43305
108.9417
108.4072
107.84611
107.25793
106.63186
105.97617
105.30604
104.6642
104.0498
103.48371
102.98898
102.55079
102.18473
110.97275
110.7313
110.48359
110.2157
109.90203
109.52482
109.09169
108.61818
108.10472
107.55723
106.96322
106.34364
105.71062
105.10466
104.5178
103.97342
103.48603
103.05376
102.68879
110.89317
110.68511
110.47234
110.22431
109.92791
109.58007
109.19319
108.7683
108.31252
107.81362
107.26725
106.68609
106.0829
105.49449
104.93533
104.41345
103.93491
103.51027
103.14646
110.77777
110.61612
110.43916
110.22934
109.97246
109.65815
109.29526
108.90111
108.48024
108.01858
107.51627
106.97626
106.42605
105.87873
105.33395
104.82191
104.3493
103.93282
103.57081
110.71175
110.56147
110.40154
110.21493
109.98965
109.70983
109.38691
109.03573
108.64458
108.21427
107.73672
107.22173
106.69015
106.16062
105.65597
105.16863
104.70885
104.30058
103.94322
110.68035
110.54674
110.40203
110.22763
110.01339
109.75207
109.45705
109.13809
108.78488
108.3917
107.95158
107.47893
106.98771
106.47634
105.97587
105.49735
105.04702
104.64353
104.29156
110.62196
110.5123
110.39203
110.24294
110.05338
109.81706
109.54299
109.23759
108.9046
108.53207
108.10742
107.64762
107.16622
106.69116
106.21911
105.75435
105.31424
104.91648
104.56095
110.61498
110.51184
110.39696
110.26068
110.08784
109.874
109.62943
109.35207
109.03974
108.69533
108.3142
107.89988
107.4475
106.9677
106.49716
106.03554
105.59882
105.19977
104.84431
110.60958
110.52425
110.42465
110.30034
110.14195
109.94234
109.70904
109.44287
109.14169
108.79786
108.40502
107.9823
107.54709
107.09833
106.64228
106.19479
105.76917
105.37185
105.02203
110.62313
110.54639
110.4559
110.34989
110.21594
110.04441
109.83544
109.59559
109.33035
109.02931
108.68714
108.29356
107.84855
107.3809
106.90449
106.44094
105.99887
105.59077
105.22477
110.64634
110.58604
110.50234
110.40074
110.27218
110.1093
109.90532
109.65995
109.37455
109.05078
108.69192
108.29924
107.88103
107.42882
106.96457
106.50976
106.07449
105.67861
105.31527
110.66596
110.64299
110.59527
110.52227
110.42671
110.3045
110.1466
109.94889
109.70698
109.4204
109.09079
108.70795
108.25356
107.74803
107.22119
106.70805
106.24779
105.81746
105.42169
90.582081
90.766038
91.057819
91.454675
91.942981
92.502251
93.13145
93.84686
94.539631
95.301637
96.079436
96.875629
97.684242
98.477132
99.270036
100.02897
100.68823
101.22062
101.58637
91.495718
91.656647
91.933903
92.320952
92.820762
93.393601
94.07629
94.803194
95.50681
96.294724
97.029362
97.784581
98.499946
99.169413
99.770688
100.27302
100.62
100.82254
100.82006
92.383241
92.519353
92.77842
93.170628
93.688848
94.286969
95.003351
95.716834
96.475006
97.23856
97.955229
98.676176
99.280531
99.815353
100.25073
100.52642
100.63107
100.53149
100.22076
93.25774
93.372425
93.61242
94.013015
94.534642
95.151859
95.856747
96.562552
97.331177
98.032311
98.70704
99.337219
99.825704
100.22668
100.48934
100.59112
100.53613
100.20396
99.680575
94.120813
94.185772
94.428203
94.832181
95.357734
95.975351
96.660104
97.360045
98.083165
98.710575
99.31213
99.807179
100.19235
100.46765
100.5843
100.56354
100.36614
99.959816
99.450536
94.960383
95.000546
95.24681
95.632265
96.154214
96.762769
97.422167
98.094492
98.747882
99.305421
99.828296
100.23095
100.51588
100.69649
100.71544
100.62286
100.4146
100.05816
99.689601
95.765881
95.814016
96.035161
96.401408
96.910561
97.497132
98.130334
98.768348
99.343784
99.855733
100.29851
100.62306
100.84588
100.95357
100.95356
100.87857
100.73883
100.56329
100.39464
96.565442
96.59556
96.772886
97.142435
97.624516
98.19914
98.79775
99.380171
99.904946
100.3707
100.74574
101.01588
101.20084
101.299
101.33988
101.33911
101.34495
101.34335
101.38175
97.340028
97.3442
97.49964
97.854609
98.300097
98.861377
99.405578
99.952248
100.43789
100.85868
101.17856
101.42755
101.60883
101.73395
101.8542
101.96835
102.10368
102.2676
102.46778
98.087885
98.054871
98.183015
98.518617
98.951807
99.479487
99.99055
100.49899
100.93961
101.32256
101.6154
101.87691
102.07446
102.26949
102.47051
102.68119
102.94055
103.22538
103.49665
98.816042
98.723724
98.847985
99.152954
99.571404
100.06131
100.54261
101.0099
101.42027
101.77794
102.0735
102.35968
102.60145
102.86492
103.12067
103.42668
103.76105
104.07954
104.37404
99.493199
99.35895
99.50057
99.755136
100.16365
100.60881
101.05981
101.49723
101.88571
102.24261
102.5567
102.85985
103.1466
103.46551
103.7796
104.14073
104.48297
104.81064
105.10526
100.12211
99.990141
100.09881
100.31334
100.71728
101.1122
101.55164
101.96483
102.34697
102.70555
103.0333
103.36354
103.69412
104.04383
104.39358
104.7587
105.09423
105.40018
105.63381
100.72544
100.59774
100.64859
100.86154
101.22448
101.58768
102.02474
102.40962
102.80016
103.15961
103.50572
103.85989
104.20419
104.5683
104.925
105.26903
105.56258
105.79046
105.93642
101.29456
101.1503
101.15739
101.3763
101.68701
102.05503
102.46466
102.83741
103.23711
103.58275
103.95217
104.31275
104.67127
105.02866
105.35807
105.65084
105.87705
106.058
106.15657
101.8316
101.6544
101.63993
101.84516
102.11689
102.4921
102.86998
103.25043
103.62444
103.97924
104.36706
104.71143
105.06698
105.39162
105.67135
105.89829
106.07698
106.23012
106.33187
102.33072
102.1221
102.10326
102.27401
102.52698
102.89348
103.24361
103.62874
104.00012
104.37318
104.72662
105.05196
105.39283
105.65935
105.88972
106.05957
106.20312
106.3308
106.4109
102.77954
102.54314
102.5161
102.65106
102.91162
103.25239
103.58611
103.96216
104.31421
104.67172
105.00361
105.32506
105.60852
105.81881
106.00734
106.1187
106.2125
106.26775
106.24921
103.19607
102.94427
102.90275
103.00964
103.26165
103.56958
103.9175
104.28724
104.61826
104.94697
105.2533
105.53584
105.74661
105.90823
106.02095
106.05581
106.05372
105.9394
105.77488
103.55201
103.28757
103.21705
103.31636
103.55756
103.84589
104.17863
104.50179
104.82436
105.14376
105.41091
105.63189
105.7714
105.86772
105.87723
105.81375
105.66881
105.42266
105.14081
103.89946
103.61177
103.52316
103.61577
103.8375
104.12544
104.45664
104.75701
105.0513
105.30792
105.51216
105.66148
105.72599
105.72867
105.63013
105.46047
105.21209
104.9375
104.65633
104.16573
103.86376
103.77183
103.84509
104.03989
104.30897
104.58998
104.87363
105.15184
105.36229
105.51937
105.59451
105.58596
105.49155
105.3221
105.0936
104.83637
104.60998
104.3995
104.43383
104.13737
104.00393
104.0651
104.27046
104.5448
104.82359
105.07047
105.26642
105.40632
105.48852
105.47767
105.38789
105.21157
104.99197
104.76041
104.5394
104.3377
104.12278
104.61942
104.28709
104.14891
104.19845
104.37908
104.61431
104.85702
105.07776
105.26241
105.37404
105.39282
105.33267
105.19317
104.99539
104.78557
104.56691
104.33065
104.09507
103.84628
104.78786
104.44458
104.29089
104.36389
104.57274
104.82979
105.05275
105.21684
105.30423
105.3274
105.25733
105.09771
104.87197
104.62471
104.38808
104.14267
103.90064
103.63906
103.30582
104.89391
104.51399
104.3439
104.40372
104.59986
104.82805
105.02262
105.16496
105.25339
105.254
105.16837
105.02127
104.81643
104.59042
104.34373
104.04305
103.65965
103.18713
102.62226
104.94341
104.53845
104.3939
104.52125
104.77814
105.00806
105.1602
105.23246
105.21062
105.09761
104.88504
104.60368
104.28051
103.90469
103.47864
103.01083
102.48541
101.93687
101.40099
101.79079
101.85441
101.62399
100.95086
99.767063
97.642783
94.490024
89.629078
82.904222
73.99726
62.676277
48.645904
32.913646
20.036845
11.612972
7.926968
10.876392
17.848946
26.474791
100.65819
100.26938
99.516106
98.291815
96.436533
93.657651
89.710258
84.150478
76.608794
67.016185
55.408877
42.107676
28.284552
16.320175
7.7420269
4.0121413
6.1905855
13.512131
23.357882
99.697202
98.914253
97.788519
96.225551
94.063639
91.159639
87.210126
82.239151
75.755914
67.904735
58.831416
48.780969
38.727748
29.614179
22.952128
19.894149
21.158914
26.359955
34.491952
98.960427
98.032352
96.809748
95.264532
93.234629
90.629134
87.411692
83.550131
78.819402
73.365026
67.184702
60.591672
53.907502
47.796477
43.252622
40.894571
41.095503
43.952564
49.136274
98.749135
97.893034
96.886037
95.633195
93.983206
91.971211
89.647578
86.835412
83.68806
80.138221
76.223631
72.080719
68.037416
64.461195
61.553019
59.708835
59.207787
60.53943
63.703356
99.192933
98.577844
97.881007
96.921194
95.672076
94.230355
92.601795
90.709044
88.671728
86.364469
83.970345
81.444488
78.83129
76.351684
74.311139
73.119964
72.83565
73.424927
75.083257
100.13383
99.794123
99.319632
98.601093
97.688172
96.724301
95.591509
94.364818
93.025723
91.5312
89.928785
88.02757
86.210012
84.635895
83.201436
82.102914
81.694458
82.099476
83.033422
101.38037
101.23668
100.91309
100.36615
99.716571
99.038363
98.256443
97.468832
96.445702
95.3553
94.132403
92.759615
91.451186
90.055234
88.748118
87.781782
87.14487
86.899737
87.303236
102.63006
102.58415
102.34955
101.93819
101.48805
101.00427
100.49724
99.885687
99.129165
98.338955
97.279795
96.092352
94.786987
93.445895
92.145818
90.773187
89.189157
87.864537
87.222136
103.70477
103.73786
103.56653
103.27781
102.99457
102.66872
102.32319
101.88983
101.31489
100.54388
99.620584
98.521942
97.202339
95.762765
94.033797
91.893102
89.597224
87.729182
86.245297
104.63083
104.71283
104.58738
104.41132
104.21938
104.02941
103.79214
103.42549
102.90247
102.27389
101.45006
100.20514
98.660188
96.804607
94.346682
91.205663
87.993279
84.892534
81.631138
105.3674
105.42985
105.33845
105.21838
105.07324
104.92398
104.68204
104.33132
103.86814
103.19746
102.13151
100.5582
98.594337
96.002446
92.256343
87.382814
81.845053
75.482904
68.642982
105.83448
105.85921
105.79645
105.68775
105.53956
105.3595
105.08171
104.66853
104.09891
103.24464
102.06293
100.3258
98.109695
95.069327
90.566062
84.57669
77.129121
67.962178
57.147019
106.08956
106.13656
106.10698
105.9992
105.87393
105.70081
105.41096
104.98597
104.4658
103.8445
102.76076
101.07915
99.352727
96.845357
93.015554
87.777797
81.094728
72.90719
63.467565
106.34839
106.44453
106.44034
106.39059
106.35819
106.25743
106.06767
105.8723
105.56477
104.88099
103.87169
102.81629
101.16561
98.92055
95.780264
91.696803
86.730526
81.106526
75.221719
106.54026
106.64158
106.66074
106.69887
106.71215
106.6315
106.48046
106.05666
105.38217
105.35304
104.79161
103.24276
101.271
98.912465
96.228191
93.210211
89.983797
86.808292
84.023888
106.55654
106.62348
106.68214
106.74901
106.72115
106.60709
106.19745
105.76283
104.83866
103.4615
101.92199
100.01586
97.825591
95.503381
93.304519
91.352838
89.636335
88.2312
87.419746
106.24545
106.27868
106.41189
106.48521
106.46391
106.32482
105.83156
105.12113
103.2108
100.2026
97.063027
93.979698
91.296397
89.268346
87.861177
86.923433
86.574052
86.908548
87.842512
105.54379
105.56925
105.65502
105.69528
105.62712
105.49206
105.21518
104.71897
103.46401
100.61006
96.11267
89.997333
82.9037
76.678789
72.645139
71.166405
72.289056
75.351443
79.366477
104.77843
104.74318
104.70019
104.57232
104.27825
103.85359
103.2045
102.1832
100.31069
96.963902
92.127685
86.371152
80.715059
75.807825
71.911184
69.491211
69.082786
71.268812
75.143563
104.39789
104.32683
104.27039
104.11525
103.84233
103.49097
102.98138
102.26461
101.12646
99.390399
96.837527
93.551956
89.781465
85.666836
81.772036
78.889709
77.656566
78.270593
80.502315
104.28825
104.28715
104.30941
104.26146
104.1914
104.12993
104.00325
103.79852
103.42082
102.9074
102.02894
100.69118
98.878871
96.604285
94.247899
92.24186
90.556699
89.308335
89.119196
104.08967
104.16566
104.24358
104.30885
104.37652
104.46338
104.53822
104.64419
104.70223
104.62955
104.47633
104.16042
103.34456
102.12751
100.82014
99.266289
97.352607
95.582994
94.16316
103.77526
103.80778
103.88101
103.98255
104.08379
104.16708
104.3108
104.3395
104.41455
104.28599
103.76659
103.07906
102.50352
101.7335
100.32218
98.267243
96.02445
93.81557
91.63403
103.03638
103.09577
103.27533
103.39173
103.49301
103.59874
103.69443
103.79736
103.79404
103.91311
103.52175
102.51567
102.26791
101.62019
100.7284
99.423086
97.779352
95.903679
93.925004
102.06471
102.09916
102.24001
102.32023
102.39858
102.47734
102.52955
102.59979
102.38898
102.68376
102.78252
101.3381
100.18231
99.472812
99.087535
98.767544
98.311871
97.864631
97.497448
100.87499
100.92795
100.97373
101.00102
101.05872
101.15862
101.31837
101.54873
101.78377
101.82707
101.73759
102.02344
102.23596
102.06314
101.48055
100.82746
100.30622
99.986227
99.762877
37.870147
50.624914
61.842012
70.739671
78.261312
84.23607
88.313701
90.64757
91.834998
92.487647
92.416573
91.806681
90.920388
89.752826
88.478168
87.047523
85.650812
84.151554
82.600277
36.663408
50.537816
63.105898
73.943513
82.343347
88.374661
93.015317
96.06461
97.618602
98.177344
97.985296
97.313079
96.297597
94.999373
93.671659
92.137349
90.6969
89.164431
87.499688
44.848578
55.997736
68.213912
77.586852
85.733119
92.233219
97.017998
100.35534
102.30271
103.09845
102.9977
102.2479
101.22267
99.868778
98.38867
96.892211
95.346895
93.868243
92.11703
56.223252
64.455909
73.137128
81.161226
88.30303
94.79245
99.37897
103.31845
105.87176
106.76194
106.75143
106.10423
105.02983
103.77557
102.2541
100.76514
99.258781
97.776499
96.089255
68.279453
73.832425
79.982189
86.138623
91.92497
97.107964
101.38732
105.1954
107.88218
109.01791
109.01969
108.50524
107.53406
106.3082
104.9209
103.46708
102.10007
100.73581
99.174108
77.906866
81.703508
86.15118
90.84021
95.489007
99.898076
103.64752
106.76096
108.78007
109.61079
109.70112
109.32891
108.61114
107.57931
106.39956
105.11543
103.90844
102.73793
101.39228
84.795554
87.409422
90.505939
94.058262
97.958887
101.73045
104.91417
107.37198
108.8011
109.27395
109.22433
108.93961
108.4766
107.73263
106.85675
105.84095
104.86112
103.89542
102.79355
88.1801
89.60091
91.831322
94.739801
97.897254
100.94668
103.84105
106.17642
107.72732
108.37382
108.4376
108.07716
107.76533
107.27587
106.68513
105.94815
105.19234
104.45682
103.58156
87.356578
88.406428
90.214838
92.259003
94.505392
97.370875
100.45436
103.21255
105.41543
106.69384
107.18751
107.26287
107.11434
106.76901
106.35355
105.8306
105.21823
104.65803
103.98409
84.975937
84.209698
84.038638
84.995386
87.121074
90.158322
93.76889
97.534631
100.84654
103.30785
104.81078
105.52025
105.37702
105.77717
105.78009
105.53965
105.11707
104.67525
104.18376
78.398128
75.750436
74.107123
74.028624
75.421298
78.222925
82.710592
87.936392
92.731136
96.776922
100.08753
102.46098
103.96858
104.94681
105.28917
105.24697
104.97155
104.58248
104.21281
62.053258
56.906192
53.986326
53.727192
56.394388
61.286605
67.751745
75.272154
82.889093
89.808866
96.067974
100.48581
102.79753
104.12559
104.62917
104.72639
104.54989
104.21821
103.91875
45.825459
36.014235
29.771891
29.284301
34.659633
44.07726
55.458727
67.152811
79.527527
88.878303
95.757117
99.778802
101.69443
102.7875
103.38311
103.61421
103.60488
103.39591
103.24844
53.729552
44.944891
39.150475
37.708826
40.736683
47.636404
57.245351
67.551752
77.49387
85.872105
92.180949
96.240805
98.813745
100.46288
101.54184
102.11505
102.36337
102.39099
102.41365
69.533786
64.93363
62.575052
62.917463
65.370697
69.69641
75.359993
81.074223
86.48024
91.103425
94.595382
97.104312
98.913826
100.1376
101.00933
101.59176
101.86709
101.96881
102.00617
81.668415
80.12679
79.942195
81.511088
83.789029
86.115915
88.974351
91.883544
94.432936
96.642267
98.333164
99.549066
100.47119
101.11446
101.56662
101.91911
102.10429
102.16271
102.1447
87.37084
87.766769
88.325709
89.213979
90.976469
93.111835
95.043009
96.886743
98.389488
99.580803
100.54393
101.22112
101.73065
102.0658
102.27912
102.4707
102.54336
102.5693
102.51175
89.162934
90.524111
92.016453
93.767735
95.556481
97.217062
98.577515
99.761075
100.76917
101.5423
102.12258
102.52125
102.7865
102.9393
102.99625
103.04795
103.05123
102.9907
102.86222
83.723171
87.97205
91.478733
94.367873
96.91563
99.015778
100.58287
101.73781
102.49005
103.03549
103.41178
103.64356
103.77175
103.75837
103.67344
103.56861
103.52775
103.42188
103.22556
79.949051
85.187369
90.192758
94.234842
97.338213
99.594324
100.84682
101.24961
102.1231
103.41524
104.2212
104.34911
104.32439
104.27941
104.10737
103.94486
103.78915
103.66602
103.47999
83.878361
87.763225
91.586053
94.976854
97.711213
99.896433
101.45727
102.5638
102.9677
103.54952
104.04247
104.23441
104.34159
104.29459
104.15694
103.98459
103.77348
103.61806
103.45399
89.871125
91.210523
92.899324
94.728426
96.527081
98.277665
99.85874
100.82738
101.60305
102.89452
103.95029
103.97865
104.17356
104.0008
103.87165
103.69044
103.4859
103.27999
103.13567
92.912997
91.887083
91.387205
91.496361
92.143453
93.268688
94.966454
97.575216
100.52906
102.37131
102.99967
103.14988
103.22943
103.12302
103.04737
102.91444
102.77492
102.6017
102.48657
89.930887
88.99869
89.006864
89.988389
91.743153
94.257852
96.284318
97.7782
99.162198
100.61615
101.40616
101.72008
101.90266
101.96756
101.99615
101.98355
101.91418
101.84937
101.84716
92.123676
90.818105
90.280779
90.63769
91.801773
93.517773
95.607865
97.651539
99.179751
100.07453
100.44547
100.65842
100.86921
101.0157
101.11311
101.21424
101.26111
101.29348
101.35471
97.260205
97.295213
97.691494
98.317237
98.874028
99.001431
98.943492
99.047861
99.309191
99.650696
100.03302
100.33126
100.54838
100.69277
100.79467
100.85941
100.883
100.86791
100.87805
99.583079
99.319823
98.900046
98.555382
98.568277
98.983569
99.55611
100.08081
100.37057
100.48078
100.50977
100.49789
100.48234
100.49182
100.52329
100.57251
100.58653
100.56046
100.51348
81.044583
79.476636
77.91182
76.368081
74.84291
73.37816
72.017945
70.731484
69.586354
68.501435
67.58433
66.735184
65.986951
65.461703
64.960713
64.697246
64.500682
64.613131
64.981351
85.805744
84.013375
82.26427
80.498051
78.778209
77.078495
75.489046
73.960959
72.557801
71.263873
70.055217
69.048718
68.086581
67.418338
66.830349
66.443616
66.217828
66.210524
66.505295
90.23578
88.277076
86.326925
84.39409
82.478049
80.620393
78.809403
77.101997
75.471824
73.992541
72.582738
71.359302
70.263134
69.377248
68.707082
68.190363
67.93825
67.873652
68.105931
94.098013
92.058094
89.974059
87.936837
85.889118
83.909133
81.968861
80.092142
78.316005
76.63413
75.084753
73.655447
72.421248
71.368874
70.554491
69.953153
69.620075
69.534693
69.7334
97.25343
95.247523
93.164943
91.082441
88.990848
86.920282
84.89892
82.911377
81.007063
79.194514
77.504687
75.947885
74.550919
73.365713
72.410386
71.705964
71.294926
71.162596
71.332271
99.695897
97.851258
95.874518
93.847034
91.774623
89.694182
87.617242
85.583368
83.575934
81.663464
79.844038
78.161636
76.649602
75.331005
74.260544
73.456389
72.962562
72.789092
72.938082
101.39612
99.808464
98.052063
96.174292
94.190333
92.1689
90.092368
88.037314
85.986059
83.996763
82.098874
80.313948
78.692704
77.262783
76.068046
75.171281
74.608492
74.382017
74.50635
102.4961
101.18956
99.686028
98.041329
96.225677
94.31899
92.3248
90.291817
88.237336
86.212302
84.243185
82.377773
80.661778
79.139686
77.87135
76.864426
76.231974
75.956072
76.064892
103.13773
102.11611
100.87069
99.460889
97.86029
96.117708
94.242623
92.292541
90.279086
88.248801
86.265772
84.337569
82.564474
80.945953
79.604969
78.51608
77.805709
77.49546
77.570617
103.49403
102.69408
101.70052
100.51967
99.13874
97.592153
95.880643
94.038344
92.128128
90.127564
88.155184
86.198863
84.377245
82.69218
81.271837
80.142767
79.355844
78.991417
79.04414
103.6929
103.05353
102.24975
101.27485
100.1109
98.751738
97.235337
95.52564
93.727946
91.815031
89.877256
87.93143
86.075109
84.359356
82.86281
81.687393
80.862481
80.440565
80.478401
103.62647
103.19012
102.57698
101.77261
100.82322
99.65688
98.327143
96.788491
95.11662
93.31204
91.436534
89.539311
87.679335
85.944705
84.393257
83.160984
82.32247
81.860876
81.844938
103.20834
103.005
102.64438
102.04212
101.30011
100.32853
99.179964
97.824202
96.297736
94.61926
92.827734
90.99529
89.152419
87.423353
85.853539
84.557856
83.652114
83.208542
83.17079
102.62925
102.6106
102.46058
102.08404
101.54244
100.78395
99.815895
98.641192
97.274579
95.738669
94.052798
92.306648
90.513667
88.798095
87.229793
85.92644
84.978759
84.50121
84.446194
102.1919
102.23853
102.18414
101.98141
101.60581
101.04354
100.26799
99.277929
98.072755
96.689472
95.126322
93.470824
91.746337
90.056616
88.501769
87.1814
86.191838
85.690749
85.648781
102.14503
102.06744
101.9946
101.8657
101.59279
101.16687
100.55818
99.746123
98.697904
97.465662
96.042033
94.486722
92.850765
91.20964
89.675405
88.393995
87.410239
86.844773
86.795044
102.34352
102.1397
101.99142
101.8439
101.59866
101.24528
100.76
100.10256
99.205546
98.115266
96.834911
95.386542
93.839416
92.264358
90.758737
89.448431
88.49217
87.922377
87.846219
102.61911
102.38317
102.15856
101.94248
101.66906
101.33499
100.91662
100.36958
99.59978
98.636992
97.48807
96.152521
94.69616
93.191667
91.745515
90.425751
89.462439
88.935321
88.845275
102.89336
102.66988
102.41675
102.1562
101.83983
101.49602
101.10174
100.61069
99.939968
99.096285
98.061352
96.840628
95.480301
94.037342
92.655308
91.442003
90.471821
89.883608
89.760857
103.13937
102.93638
102.67269
102.39538
102.06536
101.71074
101.31282
100.8236
100.23451
99.47709
98.535906
97.410598
96.142002
94.764633
93.384842
92.125321
91.167884
90.646235
90.582029
103.25092
103.12241
102.89537
102.626
102.32229
101.97675
101.58575
101.08588
100.52922
99.849741
98.988522
97.933583
96.752788
95.478527
94.192426
93.047219
92.136434
91.531097
91.388473
103.12861
103.12852
103.01295
102.80948
102.55336
102.2262
101.85068
101.38136
100.82628
100.17672
99.355386
98.375235
97.244634
95.999953
94.712193
93.481864
92.523382
92.034947
91.978928
102.68366
102.8248
102.87714
102.80582
102.66122
102.42164
102.08873
101.68033
101.16599
100.54888
99.768574
98.854269
97.791739
96.618688
95.44504
94.366609
93.459403
92.853709
92.682829
102.12665
102.38824
102.61943
102.72449
102.69379
102.56406
102.31008
101.94772
101.4775
100.87436
100.12938
99.229354
98.174187
96.981356
95.710092
94.51605
93.584695
93.091792
93.038173
101.61083
101.8876
102.13572
102.35826
102.47564
102.47625
102.36274
102.1216
101.75155
101.24173
100.58523
99.759471
98.763881
97.651066
96.496337
95.364176
94.433481
93.774398
93.593564
101.13729
101.5114
101.85951
102.15567
102.38496
102.50319
102.47844
102.30607
101.98665
101.50988
100.86638
100.04803
99.025356
97.814067
96.530626
95.349768
94.379984
93.830814
93.729316
100.69789
100.93251
101.22925
101.54433
101.85185
102.11642
102.29994
102.34699
102.20914
101.91039
101.43965
100.76688
99.862371
98.731836
97.418547
96.078526
94.934138
94.199683
93.99321
65.344474
65.98357
66.717302
67.685038
68.808351
70.121197
71.61033
73.199069
74.968648
76.832151
78.822998
80.902887
83.084458
85.350015
87.669978
90.039695
92.436894
94.84364
97.263675
66.890475
67.578314
68.36342
69.337504
70.477957
71.775152
73.262875
74.850302
76.604292
78.456
80.405506
82.44826
84.567401
86.750485
88.983505
91.237305
93.505302
95.765498
97.998381
68.535227
69.176697
69.990974
70.972815
72.126351
73.421475
74.897513
76.493335
78.231273
80.073988
81.992739
83.986199
86.037759
88.13133
90.255893
92.39499
94.528686
96.63948
98.674127
70.188083
70.805146
71.612911
72.590907
73.747332
75.047452
76.507225
78.105376
79.824569
81.636679
83.520984
85.45067
87.427952
89.440888
91.460395
93.478377
95.479669
97.442318
99.31302
71.780475
72.400749
73.211961
74.179984
75.337072
76.639503
78.083901
79.660651
81.362583
83.140192
84.974703
86.851033
88.74234
90.668039
92.590527
94.490738
96.349643
98.155729
99.891797
73.395407
74.002025
74.80196
75.768304
76.9106
78.192229
79.625265
81.185602
82.852241
84.591242
86.374633
88.201693
90.007531
91.82112
93.61584
95.394399
97.143801
98.809304
100.39683
74.951361
75.558921
76.348004
77.302062
78.428368
79.697986
81.108611
82.645804
84.271399
85.978833
87.708308
89.447856
91.165869
92.879416
94.568834
96.234636
97.856539
99.370861
100.82078
76.518954
77.092123
77.868834
78.810402
79.922479
81.184908
82.561799
84.069421
85.650856
87.29544
88.953366
90.612227
92.257243
93.870998
95.450208
96.983503
98.478466
99.882152
101.21066
78.002098
78.579433
79.347116
80.283871
81.362337
82.606005
83.949213
85.406435
86.943726
88.529712
90.129344
91.713368
93.268316
94.766645
96.245191
97.67583
99.050139
100.32902
101.52747
79.465578
80.037243
80.777108
81.696612
82.751467
83.957477
85.28162
86.697557
88.188225
89.714322
91.249883
92.732913
94.179287
95.585987
96.973565
98.290463
99.543036
100.73498
101.83988
80.890126
81.438214
82.156679
83.050507
84.103375
85.274906
86.562673
87.921973
89.351843
90.799138
92.24679
93.657934
95.034881
96.353573
97.620534
98.849562
100.01139
101.10076
102.09158
82.250309
82.778616
83.488917
84.363452
85.387507
86.515588
87.761512
89.06651
90.430558
91.82253
93.199257
94.535308
95.818114
97.047735
98.212922
99.344527
100.40583
101.39953
102.32091
83.569323
84.076972
84.768826
85.61256
86.594794
87.694449
88.888898
90.153165
91.459631
92.781457
94.071915
95.329418
96.532589
97.679526
98.760254
99.793502
100.77413
101.68944
102.51473
84.825251
85.315426
85.971297
86.78611
87.74098
88.810559
89.962565
91.175668
92.411074
93.659791
94.87047
96.049103
97.172868
98.232981
99.239208
100.19451
101.09245
101.91736
102.68116
86.010397
86.485256
87.115804
87.915849
88.839571
89.870175
90.970201
92.114453
93.2795
94.452963
95.603803
96.716737
97.774431
98.754988
99.685024
100.5646
101.39297
102.14219
102.81789
87.140115
87.597169
88.20663
88.967184
89.852839
90.837609
91.887176
92.972511
94.081697
95.192235
96.288594
97.331244
98.316275
99.21791
100.06985
100.88147
101.64092
102.32962
102.94083
88.188934
88.618145
89.209402
89.940049
90.798809
91.740764
92.755763
93.791364
94.842255
95.885578
96.91055
97.879248
98.788729
99.634533
100.42931
101.18016
101.87741
102.51321
103.07898
89.176071
89.58925
90.160819
90.86187
91.682952
92.588834
93.554263
94.535345
95.519365
96.498081
97.459567
98.373118
99.228624
100.02594
100.76341
101.45308
102.093
102.67647
103.18954
90.078837
90.481148
91.026237
91.695198
92.480411
93.35107
94.269814
95.203212
96.140289
97.066734
97.974993
98.83952
99.641514
100.38438
101.06388
101.69909
102.29529
102.83965
103.31168
90.907224
91.294777
91.812751
92.467603
93.231127
94.062713
94.936559
95.824104
96.715702
97.597006
98.450726
99.261438
100.01097
100.70111
101.33797
101.93405
102.48776
102.98651
103.41629
91.679069
92.055149
92.577604
93.190293
93.905871
94.688551
95.524397
96.378598
97.226246
98.069688
98.876359
99.640374
100.34832
100.999
101.60616
102.17248
102.686
103.13753
103.53261
92.28849
92.663603
93.141285
93.732916
94.455067
95.241906
96.064476
96.899087
97.711475
98.513053
99.27876
100.00513
100.68063
101.29904
101.87187
102.39499
102.86825
103.27896
103.62912
92.948963
93.312169
93.810626
94.430066
95.103031
95.836125
96.594145
97.378953
98.148208
98.913928
99.653319
100.34518
100.99249
101.5805
102.12127
102.60975
103.04932
103.42673
103.74093
93.322299
93.688381
94.159487
94.724757
95.395795
96.143481
96.924434
97.722621
98.511214
99.281682
100.0148
100.6912
101.31666
101.87998
102.39084
102.84315
103.24087
103.57624
103.84498
93.842495
94.193649
94.689282
95.311032
96.009949
96.769258
97.527381
98.29385
99.045947
99.769604
100.45436
101.07963
101.65818
102.18027
102.65209
103.0676
103.42172
103.71243
103.93289
93.994636
94.353931
94.842619
95.441692
96.114699
96.854792
97.625896
98.410601
99.188635
99.936773
100.64299
101.29681
101.89815
102.43322
102.9014
103.29976
103.61824
103.85971
104.02311
94.258679
94.634103
95.176068
95.87102
96.65542
97.492938
98.327335
99.164085
99.95709
100.71633
101.39223
102.01462
102.54272
103.00105
103.3689
103.66153
103.87387
104.0155
104.08224
99.666203
102.03935
104.41848
106.78156
109.08005
111.32627
113.53562
115.64271
117.64572
119.55415
121.32338
122.97221
124.46943
125.83638
127.03445
128.06352
128.92267
129.60372
130.1031
100.19882
102.38411
104.57185
106.75906
108.91486
111.02546
113.10973
115.10561
117.00463
118.83296
120.52414
122.09893
123.5499
124.86618
126.02841
127.02591
127.8662
128.53107
129.0202
100.67919
102.71582
104.71159
106.72127
108.75076
110.7249
112.67173
114.54794
116.3547
118.08493
119.70171
121.21891
122.62033
123.88119
124.99574
125.97727
126.79312
127.43399
127.929
101.13874
102.99678
104.84557
106.69751
108.56603
110.41123
112.22399
113.98322
115.70066
117.33403
118.88048
120.33437
121.67384
122.89753
123.97263
124.91446
125.70658
126.33028
126.80936
101.55391
103.24358
104.93397
106.63597
108.36334
110.0767
111.75756
113.42324
115.03589
116.58124
118.05289
119.43583
120.71916
121.8935
122.93222
123.84247
124.60176
125.21736
125.67918
101.89621
103.43323
104.99585
106.5634
108.14049
109.72902
111.30919
112.87299
114.37453
115.84066
117.22888
118.55122
119.77683
120.88572
121.89654
122.76868
123.50706
124.12014
124.56263
102.20436
103.61227
105.04181
106.479
107.93608
109.41174
110.88006
112.31195
113.71339
115.10432
116.42527
117.67693
118.84735
119.90924
120.87372
121.7177
122.44663
123.04126
123.48413
102.46778
103.74942
105.0539
106.369
107.71069
109.06078
110.40235
111.74599
113.08527
114.39565
115.634
116.81784
117.93592
118.96576
119.8979
120.71873
121.40772
121.972
122.41626
102.68328
103.85955
105.04155
106.24652
107.47262
108.72121
109.98096
111.24232
112.49134
113.69457
114.85915
115.99229
117.0542
118.03552
118.91982
119.69865
120.37014
120.93321
121.34945
102.87432
103.93366
105.01371
106.11578
107.24107
108.39049
109.55429
110.72197
111.87109
113.00035
114.12067
115.188
116.18508
117.11204
117.96218
118.72134
119.37054
119.8929
120.33501
103.00445
103.96135
104.95842
105.9824
107.02637
108.08472
109.14797
110.22015
111.29938
112.38549
113.42504
114.41501
115.37227
116.26668
117.08073
117.78911
118.4072
118.92561
119.34335
103.1686
104.03651
104.93688
105.86864
106.80493
107.75383
108.74426
109.77059
110.78258
111.76539
112.73366
113.6939
114.59719
115.43288
116.18568
116.8915
117.51179
118.00404
118.39511
103.2652
104.05677
104.87639
105.71245
106.57118
107.48214
108.41978
109.34217
110.26185
111.19869
112.12457
113.00853
113.84049
114.63753
115.39072
116.06561
116.61803
117.10279
117.47296
103.37314
104.07837
104.81919
105.58062
106.38585
107.21925
108.05042
108.8997
109.77334
110.64528
111.4976
112.32994
113.14031
113.90725
114.60767
115.19639
115.74639
116.25302
116.61745
103.43157
104.0758
104.75982
105.45916
106.18499
106.93532
107.71209
108.51815
109.32029
110.12624
110.93506
111.7327
112.49588
113.20183
113.85
114.46238
115.02035
115.45144
115.82682
103.50733
104.11794
104.73501
105.36763
106.02651
106.72068
107.44218
108.18191
108.93615
109.69113
110.43859
111.1714
111.8701
112.54665
113.19133
113.7849
114.27774
114.69997
115.05633
103.59222
104.1209
104.6627
105.23617
105.85761
106.51277
107.17836
107.85958
108.54724
109.23934
109.94519
110.63247
111.31146
111.96717
112.54936
113.08069
113.56509
113.99766
114.36211
103.64277
104.12711
104.64329
105.18729
105.74942
106.3211
106.91836
107.5519
108.20634
108.87811
109.53082
110.17011
110.80632
111.39963
111.96694
112.49598
112.97158
113.37633
113.69402
103.72689
104.16979
104.62783
105.10901
105.61111
106.15422
106.73453
107.33136
107.93155
108.53261
109.13494
109.75065
110.33864
110.90309
111.45764
111.95747
112.4018
112.79067
113.12511
103.7865
104.1845
104.60809
105.0583
105.53862
106.04696
106.56568
107.09337
107.64183
108.21106
108.79102
109.35705
109.9127
110.45864
110.96451
111.43598
111.86917
112.2478
112.57009
103.8746
104.23546
104.61528
105.01887
105.44424
105.89535
106.37144
106.87264
107.39164
107.91674
108.44938
108.98758
109.52961
110.04255
110.52606
110.98403
111.39525
111.76738
112.07397
103.92381
104.24303
104.58606
104.95441
105.35122
105.77647
106.22414
106.6889
107.173
107.67363
108.1803
108.69021
109.18585
109.66938
110.13895
110.58179
110.97989
111.33766
111.66931
104.00287
104.29095
104.60171
104.93566
105.29566
105.67969
106.08704
106.52233
106.97696
107.44548
107.92385
108.4045
108.88038
109.35204
109.80446
110.21802
110.61119
110.97864
111.28563
104.06191
104.30757
104.57266
104.86631
105.19022
105.54785
105.93501
106.3442
106.77255
107.22068
107.68059
108.14679
108.61301
109.0657
109.50198
109.91781
110.30442
110.64841
110.95223
104.09831
104.29716
104.52561
104.78634
105.08107
105.40646
105.75867
106.13796
106.54751
106.97922
107.42839
107.88804
108.34488
108.79579
109.23604
109.65448
110.03774
110.38416
110.69518
104.13101
104.27397
104.45108
104.66561
104.9178
105.20676
105.5343
105.89856
106.29526
106.71852
107.16092
107.61434
108.0747
108.53771
108.9856
109.41226
109.81549
110.18653
110.50986
104.11796
104.21002
104.34549
104.52492
104.74763
105.01503
105.32404
105.67342
106.0593
106.47558
106.91758
107.37796
107.85094
108.32505
108.79174
109.24296
109.66559
110.04959
110.39167
110.68843
110.93217
111.11862
111.25591
111.3477
111.39499
111.40391
111.38396
111.33594
111.26583
111.18155
111.0912
111.0028
110.92162
110.85002
110.78739
110.73549
110.69669
110.6728
110.78168
111.01126
111.19368
111.32451
111.40708
111.44271
111.45072
111.4321
111.39248
111.33504
111.26664
111.18544
111.09197
110.9963
110.91097
110.83603
110.77169
110.7183
110.67703
110.96542
111.1755
111.34472
111.46377
111.54064
111.58277
111.58701
111.56399
111.51851
111.45598
111.37503
111.28057
111.18341
111.08839
110.99302
110.90213
110.82081
110.74886
110.6797
111.21333
111.42401
111.58824
111.70518
111.77663
111.81907
111.81058
111.76595
111.69858
111.61769
111.52602
111.43003
111.33089
111.22524
111.11009
110.99514
110.88526
110.78157
110.68519
111.54079
111.75698
111.90704
112.02306
112.09733
112.11428
112.10184
112.05341
111.97541
111.88435
111.77202
111.64571
111.51639
111.38365
111.24944
111.11055
110.97079
110.8368
110.71476
111.93532
112.12837
112.2874
112.39633
112.443
112.44728
112.42293
112.35035
112.24865
112.11818
111.97832
111.8366
111.68712
111.5316
111.36847
111.20287
111.04084
110.88364
110.73135
112.33293
112.55696
112.7072
112.78997
112.83481
112.82415
112.75538
112.66585
112.54786
112.39904
112.24192
112.07532
111.89359
111.70144
111.51127
111.3303
111.15804
110.99022
110.8185
112.84439
113.03398
113.16221
113.25071
113.27096
113.23711
113.16391
113.05261
112.90474
112.73779
112.54687
112.33834
112.12349
111.90882
111.70385
111.49444
111.28122
111.0729
110.87172
113.38499
113.57558
113.71345
113.76352
113.75466
113.70759
113.61231
113.46658
113.29138
113.09571
112.86793
112.61924
112.38405
112.15215
111.90022
111.64415
111.40408
111.17791
110.95156
113.98864
114.18444
114.29136
114.34791
114.3434
114.25926
114.13342
113.95983
113.75917
113.52993
113.27175
113.01891
112.74361
112.4406
112.14903
111.88765
111.62724
111.36716
111.11218
114.61909
114.81811
114.95098
114.98505
114.94768
114.86432
114.7096
114.51173
114.28235
114.00683
113.71386
113.40034
113.06201
112.75223
112.45733
112.14269
111.81971
111.50273
111.20652
115.33553
115.55066
115.63786
115.64583
115.61765
115.50148
115.31808
115.10008
114.8147
114.50431
114.17732
113.83356
113.49205
113.13018
112.74775
112.37496
112.02837
111.70166
111.37733
116.11558
116.27202
116.3779
116.42464
116.32705
116.18305
115.99674
115.72053
115.41638
115.08546
114.72064
114.31886
113.9057
113.4946
113.09305
112.69948
112.31234
111.93398
111.56144
116.89669
117.09584
117.18734
117.17355
117.08418
116.93384
116.68255
116.3947
116.06885
115.67461
115.2442
114.80825
114.37672
113.9257
113.4596
113.00248
112.55273
112.11583
111.68548
117.76702
117.95528
118.02821
118.01199
117.93367
117.7246
117.45236
117.14004
116.74138
116.30439
115.85211
115.36937
114.85563
114.34385
113.84132
113.34446
112.84554
112.3491
111.87534
118.68226
118.8629
118.94729
118.9117
118.77509
118.55563
118.26904
117.89902
117.46446
116.98666
116.46553
115.92306
115.38857
114.83323
114.25859
113.69003
113.13208
112.58377
112.04931
119.63599
119.81754
119.87307
119.82599
119.67884
119.44063
119.1152
118.69747
118.21588
117.70089
117.15112
116.56714
115.94341
115.30055
114.66337
114.03915
113.41953
112.81071
112.20502
120.62699
120.79906
120.86778
120.81282
120.64645
120.36516
119.99745
119.54662
119.03455
118.47002
117.83626
117.16347
116.47924
115.79304
115.08958
114.38889
113.689
112.99619
112.33057
121.65238
121.8444
121.88067
121.80554
121.61176
121.31033
120.91139
120.42164
119.85805
119.2304
118.53556
117.8102
117.06268
116.30663
115.53134
114.73723
113.97152
113.2236
112.47422
122.72205
122.89293
122.92633
122.83883
122.61394
122.29416
121.85614
121.32762
120.71852
120.0096
119.25562
118.48458
117.66838
116.81375
115.93401
115.10088
114.26002
113.39051
112.54961
123.81202
123.98236
124.00635
123.89685
123.65967
123.30686
122.83161
122.25028
121.57311
120.82228
120.03486
119.17484
118.24167
117.3129
116.39526
115.44627
114.47201
113.5462
112.63722
124.9201
125.06998
125.08054
124.96413
124.70685
124.3166
123.80214
123.17589
122.458
121.66756
120.78736
119.85655
118.87391
117.859
116.81438
115.77191
114.73476
113.70275
112.6603
126.0267
126.17858
126.1933
126.04886
125.76641
125.35169
124.79383
124.14137
123.36237
122.49753
121.56177
120.55444
119.473
118.36939
117.24843
116.10311
114.94371
113.78755
112.65391
127.14298
127.29668
127.30239
127.1437
126.8362
126.38476
125.80468
125.09347
124.26828
123.34626
122.3319
121.23826
120.08745
118.88547
117.63441
116.37847
115.14149
113.84908
112.59008
128.25207
128.40638
128.40291
128.22511
127.89991
127.42349
126.79876
126.03854
125.16947
124.18762
123.09953
121.93704
120.69223
119.38213
118.04106
116.68531
115.28668
113.88613
112.49883
129.35041
129.50703
129.4823
129.29308
128.95322
128.4414
127.77628
126.99159
126.05891
125.01359
123.86452
122.62619
121.29832
119.89503
118.42164
116.91907
115.43181
113.92021
112.33224
130.43382
130.58533
130.55112
130.35378
129.98715
129.45214
128.75168
127.92213
126.93798
125.83919
124.62169
123.30372
121.87539
120.36059
118.79194
117.17843
115.54556
113.84937
112.13876
109.87434
108.6686
106.78005
104.49807
101.15206
96.796188
89.424493
85.090846
65.846256
107.96086
106.21049
104.08421
101.32761
97.380394
92.437573
84.015007
79.539214
58.173261
106.01481
103.93783
101.41386
98.223277
93.740398
88.254881
78.658309
74.104529
50.788882
104.09886
101.83639
98.840182
95.083651
90.172848
84.250651
73.4033
68.950074
43.547509
102.30334
99.59923
96.326654
92.107206
86.685899
80.454836
68.190827
64.10946
36.601375
100.54181
97.492349
93.906201
89.280318
83.314105
76.937627
63.156074
59.491621
30.071635
98.772855
95.575535
91.704782
86.654489
80.013736
73.747958
58.318183
55.382183
23.710537
97.217327
93.684853
89.590367
84.317107
76.845728
70.949393
53.641646
51.401731
18.075664
95.730331
91.967139
87.596709
82.257817
73.783019
68.519602
49.317576
48.067124
12.750677
94.326768
90.418925
85.725595
80.539929
70.856127
66.534911
45.24876
44.971911
8.2095515
93.096043
89.086709
83.915123
79.138485
68.086311
64.897957
41.743301
42.378614
4.1410339
91.950349
88.035376
82.251655
78.095553
65.587555
63.648274
38.691708
40.074163
0.89095781
90.916558
87.210031
80.712931
77.36028
63.468478
62.654813
36.431455
38.196594
-1.7180296
90.059627
86.636069
79.384356
76.837561
61.839347
61.884797
34.891038
36.721026
-3.3881606
89.32283
86.19692
78.353326
76.41836
60.851515
61.213914
34.28973
35.542278
-4.1410838
88.770707
85.8348
77.680128
75.998362
60.604131
60.664443
35.009143
34.719564
-4.4920844
88.399157
85.522884
77.507528
75.521398
61.021899
60.00766
35.834588
34.790612
-3.1990004
88.227836
85.254809
77.736474
75.12824
61.937796
59.760926
37.35864
35.619817
-1.2529411
88.238738
85.128537
78.26601
75.036121
63.226543
60.033299
39.420263
37.234212
1.5357192
88.333842
88.614858
89.020136
89.532007
90.163795
90.828354
91.591414
92.437719
93.324858
94.241193
95.212315
96.189406
97.190317
98.181133
99.179315
100.15219
101.0636
101.90417
102.67328
85.155273
85.396061
85.819788
86.415651
87.187188
88.079914
89.1268
90.264064
91.462757
92.729995
94.020638
95.364111
96.697066
98.028778
99.321583
100.57534
101.76298
103.00179
104.22215
78.963219
79.790347
80.75863
81.873705
83.165262
84.589373
86.106296
87.719816
89.371554
91.064005
92.7218
94.376557
96.016684
97.674481
99.262751
100.82389
102.35051
103.89673
105.52749
75.320093
75.962051
76.919517
78.162171
79.64711
81.364636
83.226436
85.208834
87.243878
89.328713
91.405137
93.481071
95.493759
97.439836
99.335741
101.10119
102.90835
104.71505
106.57893
64.7201
66.448745
68.379955
70.581546
73.009168
75.686931
78.519578
81.468608
84.459241
87.401678
90.241988
92.852049
95.282311
97.521872
99.648062
101.55493
103.33247
105.03735
106.8459
60.910129
62.429263
64.499264
67.04078
69.93442
73.100352
76.46653
79.89732
83.38522
86.730607
89.968184
92.834511
95.362083
97.514181
99.394709
101.00568
102.57007
104.1439
105.71952
41.890558
44.674701
47.8998
51.517436
55.737581
60.324833
65.43836
70.723312
76.317262
81.763744
87.053079
91.603653
95.311606
97.593955
98.735448
99.080024
100.10569
102.07099
103.50973
39.744614
43.077701
47.280789
52.279349
57.878382
63.997746
70.468905
77.275384
84.126372
90.886104
97.180279
102.52994
106.14179
107.76639
106.4422
101.41777
98.946783
102.33459
105.11999
5.0934373
9.6197662
15.000522
21.321485
28.441062
36.522285
45.433655
55.170117
65.477307
76.109841
86.617581
96.232721
103.6596
107.21698
105.85607
104.63114
103.12839
101.46599
101.11311
103.3418
103.9106
104.37658
104.57273
104.44646
103.73958
101.96847
99.183741
95.713872
90.071729
80.768959
68.374462
54.819545
41.580615
32.320194
28.600416
29.174342
33.849935
40.459301
105.48134
106.78335
108.07699
109.49729
111.00688
112.48413
113.73231
114.19055
112.54452
107.85401
99.422088
87.91734
77.442737
67.434795
58.162874
51.313703
46.878035
45.296428
46.065929
107.23127
109.1103
111.09163
113.28936
115.66843
117.97008
119.60848
119.60239
117.37744
112.91116
106.0537
97.039699
86.660478
76.414038
67.30227
59.356588
52.784692
48.164695
45.399984
108.50939
110.64348
112.83474
115.09453
117.13495
118.68351
118.88407
117.35977
114.96765
111.8048
106.6287
98.68029
89.481535
79.871093
70.036429
61.348514
53.215156
46.400574
41.31126
108.66553
110.53135
112.38394
114.27273
115.76556
116.09058
115.10961
112.8085
109.53448
105.38472
99.902657
93.089318
85.183275
76.567508
67.697048
58.234624
48.864423
40.510871
33.093786
107.25391
108.57344
109.45508
110.38808
110.66557
109.88174
108.45255
106.26686
103.34538
99.42123
94.406142
88.323194
81.196758
73.264579
64.53259
55.228734
45.581041
35.856761
26.900865
105.02543
106.7016
106.72423
105.8502
105.8592
105.22014
103.80582
101.7024
98.777473
95.007975
90.381025
84.761377
78.285957
70.974559
62.872256
54.253242
45.09355
35.71451
26.686598
105.09664
104.22604
104.41203
104.43123
103.90161
102.90245
101.44093
99.275295
96.534155
93.136128
88.243066
83.403021
77.632624
70.925588
63.551358
55.691847
47.449032
39.02521
30.924301
102.14296
103.35853
103.40023
103.17243
102.55949
101.6384
100.37583
98.479111
95.860654
92.453759
88.230033
83.33941
77.686247
71.181575
63.894503
56.10164
48.021384
39.856062
31.896119
45.998391
53.754289
62.061737
69.224294
74.518523
78.310083
81.107389
83.428844
84.895749
85.400908
85.529215
85.304732
84.635095
83.781205
82.749875
81.517395
80.293387
78.980871
77.564047
48.220387
51.420042
55.68775
59.67789
63.317966
67.131048
70.104968
71.979604
73.34204
74.646152
75.618045
75.664181
75.517618
75.226212
74.477164
73.717855
72.846799
71.835433
70.793358
44.592224
44.6439
45.919793
47.746842
50.185125
52.891788
55.351029
58.075121
60.154185
61.980763
63.778329
64.374476
64.853144
65.34909
65.028365
64.720555
64.415816
63.792986
63.172656
37.238304
34.661932
33.940964
33.879808
34.645035
36.572539
39.210898
42.218551
45.21468
48.209084
50.5081
52.079728
53.801486
54.94578
55.199653
55.655854
56.006931
55.958364
55.894099
26.4709
21.43484
18.378322
16.688145
16.753029
19.691971
23.743886
26.956492
30.372229
34.567577
38.0503
40.520716
43.163485
45.375615
46.320244
47.409225
48.44418
48.6252
48.778255
18.71426
11.568159
6.9148996
5.5296395
6.7772683
9.688731
12.859556
15.128651
18.466982
24.087408
30.339294
34.293769
36.163756
38.131972
39.230099
40.215984
41.228106
41.254487
41.448402
18.460523
11.495119
6.4466594
4.2117187
4.7190537
7.0702071
10.248026
14.368496
20.098479
27.554896
35.724913
36.816655
32.17118
32.195367
34.925977
34.142097
32.601422
31.707791
32.406147
23.814868
17.993854
13.832572
11.485212
12.194785
15.409569
19.518058
23.781062
28.475652
33.081458
36.503286
37.201409
35.192217
34.983551
34.437368
28.544246
21.983474
22.524847
28.510394
24.714396
18.927799
14.949647
13.333302
13.692417
15.661361
18.768329
22.622224
26.726091
30.387856
32.543889
32.822735
30.528662
26.81891
26.130213
26.968994
27.410632
28.3896
29.891745
76.126359
74.640404
73.179258
71.740401
70.33834
69.017989
67.71608
66.542205
65.395185
64.426638
63.600718
62.717316
62.090118
61.521141
61.048584
60.81921
60.634242
60.602567
60.7972
69.618416
68.371072
67.081693
65.747858
64.43813
63.059633
61.752038
60.466948
59.279534
58.187905
57.129796
56.32623
55.582111
55.043216
54.728778
54.616443
54.921765
55.452756
56.079513
62.364659
61.33299
60.208944
58.981971
57.649871
56.315958
54.920258
53.386849
51.997725
50.535254
49.193269
48.060325
47.039011
46.266547
45.554874
44.985578
44.390415
43.907933
43.672802
55.211961
54.28272
53.235295
51.854544
50.573781
49.033125
47.46881
46.025131
44.482964
43.080843
41.791149
40.592453
39.582299
38.720565
38.098202
37.918539
38.222596
38.97205
39.948739
48.200643
47.386715
46.331471
44.740358
43.101867
41.029092
38.939965
36.71354
34.426803
32.24564
30.131667
28.241514
26.581542
25.176333
23.954266
22.834776
21.668086
20.684836
19.824466
41.406624
40.880577
40.131059
38.742546
37.157954
35.162549
33.017034
30.72325
28.356417
26.039228
23.711409
21.528919
19.475059
17.689014
16.318631
15.467925
15.383657
15.910138
16.987383
33.865768
33.82075
32.665697
30.108557
26.910781
23.043376
18.939326
14.69194
10.456193
6.4800013
2.7342542
-0.53947339
-3.4242095
-5.6702441
-7.8318899
-9.4506186
-11.223737
-12.638715
-13.87207
35.844845
38.271685
38.24915
35.83312
32.117941
27.624333
22.59364
17.568234
12.412389
7.5559289
2.7638818
-1.5549702
-5.7728375
-9.2185185
-12.281562
-14.394724
-15.854411
-16.290287
-16.129596
35.496109
36.344991
31.5187
24.354924
15.564076
6.4146707
-2.8238439
-11.633488
-19.984325
-27.583933
-34.34435
-40.546985
-45.765598
-50.509817
-54.222344
-57.519729
-59.958982
-61.824745
-62.801967
61.240691
61.93844
62.807643
63.901717
65.131956
66.554762
68.131867
69.821794
71.695318
73.689725
75.84461
78.07486
80.455201
82.932081
85.471255
88.088493
90.754604
93.428907
96.1238
56.70933
57.296988
57.919409
58.662574
59.566759
60.777023
62.261712
64.030303
66.030624
68.271855
70.71964
73.29198
76.010115
78.811569
81.740504
84.724201
87.793663
90.904049
94.035206
43.888347
44.721498
46.01265
47.754474
49.751083
51.976984
54.313194
56.76066
59.273802
61.929218
64.734946
67.693553
70.796134
73.988461
77.342796
80.76703
84.324315
87.913383
91.521709
40.988116
41.906937
42.690694
43.520311
44.48766
45.787219
47.417779
49.437612
51.778712
54.457695
57.431896
60.699373
64.225263
67.957988
71.864852
75.856349
79.975727
84.128173
88.318519
19.601128
20.091874
21.50496
23.480529
26.060556
29.06699
32.358308
35.989492
39.70498
43.693627
47.711545
51.903134
56.201433
60.597363
65.080743
69.666451
74.347426
79.115237
83.98251
18.30765
19.631703
20.990381
22.36103
23.913617
25.557694
27.585524
29.889242
32.664993
35.857994
39.378423
43.386867
47.64367
52.333163
57.189458
62.317919
67.566428
72.987484
78.508001
-14.539274
-14.434888
-13.389933
-11.517419
-8.901203
-5.5209637
-1.5820322
2.889501
7.8328115
13.186144
18.766477
24.739968
30.769073
37.094783
43.480484
50.033575
56.596537
63.277105
70.037885
-15.315536
-13.974506
-12.391851
-10.262359
-7.8054224
-5.1569128
-1.9975013
1.7683016
5.6052243
10.305002
14.817455
20.076417
25.544752
31.459781
37.623607
44.078153
50.637858
57.456757
64.409462
-63.133434
-62.634196
-61.306476
-59.208004
-56.433865
-52.681585
-48.115385
-43.427764
-37.4927
-31.452624
-24.568086
-17.311674
-9.6068522
-1.5581619
6.9163038
15.748431
24.664166
33.581453
42.745663
98.845432
101.51018
104.17709
106.80049
109.3284
111.82471
114.25087
116.53227
118.73119
120.81301
122.74694
124.54076
126.14753
127.62199
128.91839
130.00725
130.93345
131.66163
132.1867
97.164922
100.31449
103.43398
106.47983
109.48774
112.36473
115.11983
117.83629
120.41537
122.7471
124.97147
127.07901
128.94585
130.57764
132.06109
133.33624
134.34742
135.17467
135.76385
95.145439
98.789632
102.37712
105.88321
109.34525
112.69642
115.981
119.03382
121.91916
124.72825
127.31818
129.61939
131.79162
133.78537
135.39989
136.85086
138.04702
138.91235
139.57867
92.508315
96.673693
100.82845
104.93974
108.89718
112.73568
116.47963
120.06334
123.49489
126.61176
129.53777
132.25235
134.74407
136.94338
138.83252
140.43915
141.79033
142.82754
143.48521
88.786277
93.595154
98.383282
103.10588
107.74246
112.2284
116.54113
120.6692
124.57522
128.27452
131.71822
134.74673
137.56968
140.11878
142.28781
144.13791
145.6147
146.73968
147.51046
84.038068
89.618457
95.061617
100.5384
105.84223
111.03797
116.00616
120.736
125.24833
129.49746
133.38534
136.94263
140.20919
143.04061
145.61666
147.70914
149.2312
150.5517
151.41062
76.824316
83.558498
90.066783
96.525601
102.6985
108.68388
114.38089
119.87215
125.00675
129.81181
134.31402
138.44293
142.17006
145.53025
148.54569
150.69242
152.64308
154.13826
154.96608
71.325778
78.431565
85.227041
92.251817
98.973679
105.66119
112.07677
118.32549
124.03958
129.57651
134.65792
139.19244
143.53008
147.12056
150.35928
153.05136
155.33004
156.94323
157.86481
52.268538
60.974331
69.983805
78.831797
87.457194
95.796991
103.71848
111.42496
118.89267
125.66554
131.58272
137.48846
142.59746
147.08078
150.99284
154.25026
156.78385
158.55253
159.72043
132.53177
132.66014
132.58662
132.36521
131.94089
131.31265
130.54932
129.63065
128.49232
127.26478
125.913
124.42581
122.8318
121.12241
119.34253
117.52934
115.68367
113.76397
111.78802
136.10455
136.22212
136.1451
135.8293
135.24308
134.5122
133.5064
132.33121
131.05737
129.57815
127.87944
126.07524
124.17065
122.10654
120.02841
117.87833
115.52833
113.17942
110.95226
139.93967
140.06791
139.90903
139.42304
138.73205
137.79385
136.61908
135.2061
133.54094
131.74588
129.8321
127.6284
125.2956
122.90663
120.37862
117.6861
114.98707
112.35261
109.59917
143.90612
143.96085
143.69002
143.15186
142.25669
141.13003
139.71777
138.01258
136.19551
134.02279
131.58893
129.04775
126.33945
123.45615
120.46801
117.3914
114.21007
111.01886
107.80226
147.9113
147.93829
147.5964
146.92677
145.85921
144.49708
142.78523
140.8229
138.51901
135.923
133.19909
130.10363
126.87073
123.50334
119.89566
116.2666
112.55257
108.72522
104.93676
151.82331
151.86254
151.37595
150.55044
149.36955
147.65651
145.62023
143.24661
140.58148
137.56497
134.22225
130.69344
126.883
122.88152
118.73175
114.41192
110.05896
105.62403
101.16897
155.47323
155.4105
154.78139
153.74005
152.2076
150.26337
147.91899
145.07441
141.89126
138.36822
134.54696
130.38354
125.939
121.24432
116.31161
111.23995
105.94921
100.58208
95.05161
158.37459
158.2283
157.48774
156.2175
154.55208
152.24162
149.47241
146.33152
142.52761
138.53034
134.1327
129.29446
124.17903
118.86835
113.48763
107.72459
102.15422
96.403813
90.724455
159.91515
159.79488
159.1171
157.45491
155.26583
152.66131
149.02734
144.83146
140.32304
135.25755
129.91831
123.78604
117.40202
110.6335
103.48439
96.334518
88.717898
81.274384
73.575207
)
;

boundaryField
{
    back
    {
        type            empty;
    }
    top
    {
        type            zeroGradient;
    }
    front
    {
        type            empty;
    }
    outlet
    {
        type            fixedValue;
        value           uniform 100;
    }
    bottom
    {
        type            zeroGradient;
    }
    inlet
    {
        type            zeroGradient;
    }
    wall
    {
        type            zeroGradient;
    }
}


// ************************************************************************* //
