/*--------------------------------*- C++ -*----------------------------------*\
  =========                 |
  \\      /  F ield         | OpenFOAM: The Open Source CFD Toolbox
   \\    /   O peration     | Website:  https://openfoam.org
    \\  /    A nd           | Version:  11
     \\/     M anipulation  |
\*---------------------------------------------------------------------------*/
FoamFile
{
    format      ascii;
    class       volScalarField;
    location    "4";
    object      p;
}
// * * * * * * * * * * * * * * * * * * * * * * * * * * * * * * * * * * * * * //

dimensions      [0 2 -2 0 0 0 0];

internalField   nonuniform List<scalar> 
4455
(
136.26984
136.367
136.56078
136.87385
137.28382
137.85837
138.52304
139.80678
140.15383
136.21608
136.32629
136.53847
136.86326
137.30909
137.91508
138.71373
139.987
140.86488
136.11047
136.24479
136.47941
136.82394
137.29024
137.92889
138.75658
140.1303
141.10198
135.95837
136.12455
136.38575
136.75176
137.23396
137.91152
138.7931
140.26594
141.46005
135.76856
135.96957
136.25966
136.6466
137.14731
137.86236
138.81899
140.40473
141.90199
135.5486
135.78617
136.10413
136.50988
137.03381
137.78971
138.81314
140.53928
142.32781
135.30667
135.57969
135.92361
136.34549
136.88882
137.68387
138.77205
140.66291
142.77985
135.05251
135.35546
135.72263
136.15785
136.71815
137.54972
138.69231
140.762
143.23454
134.79441
135.11998
135.50457
135.95152
136.52535
137.39287
138.58914
140.83688
143.70706
134.53928
134.2943
134.06795
133.86426
133.68583
133.53483
133.41396
133.32545
133.27315
134.87844
134.63525
134.39706
134.16863
133.95447
133.7583
133.58348
133.43256
133.30496
135.2724
135.02819
134.78033
134.53309
134.29006
134.05528
133.83115
133.61999
133.42084
135.72482
135.4767
135.21954
134.95681
134.68983
134.42249
134.15805
133.90016
133.64494
136.30855
136.06306
135.80476
135.53571
135.25471
134.96642
134.67591
134.39143
134.10666
137.211
136.99015
136.74454
136.47676
136.1813
135.86691
135.53627
135.20163
134.86094
138.46731
138.31649
138.13785
137.91941
137.6358
137.30628
136.94212
136.56588
136.1823
140.91244
140.88537
140.73813
140.48016
140.11714
139.686
139.2083
138.69499
138.14376
144.31681
144.76933
144.65301
144.07829
143.24257
142.2794
141.27146
140.24688
139.21781
133.26769
133.24844
133.20638
133.15195
133.08165
133.0011
132.9007
132.78837
132.65308
133.22739
133.15339
133.06187
132.953
132.82636
132.68309
132.52249
132.3446
132.14738
133.28968
133.19001
133.08617
132.97299
132.84652
132.70475
132.54638
132.37094
132.17756
133.4589
133.33065
133.20839
133.079
132.93456
132.77213
132.59031
132.38921
132.16876
133.88699
133.75042
133.63444
133.51424
133.37595
133.21602
133.0339
132.83129
132.6101
134.58137
134.41242
134.27424
134.12978
133.96204
133.76719
133.5467
133.30524
133.04719
135.86834
135.67917
135.52299
135.34774
135.13809
134.89674
134.62788
134.33906
134.04282
137.63165
137.17744
136.71862
136.23919
135.73511
135.20989
134.67439
134.14256
133.63991
138.30267
137.48435
136.66681
135.86609
135.08958
134.33936
133.62956
132.93887
132.31483
131.88971
131.49453
131.36832
131.58935
132.12121
132.84024
133.64474
134.49775
135.38469
133.21713
132.86505
132.57436
132.35359
132.20514
132.13273
132.14441
132.2539
132.43488
133.76064
133.5004
133.25239
133.0204
132.8092
132.62344
132.46387
132.33378
132.23383
132.78396
132.52676
132.26626
132.00358
131.7403
131.47748
131.21516
130.95574
130.70155
132.37816
132.14085
131.89255
131.63385
131.3641
131.08335
130.79107
130.48801
130.17357
131.93298
131.68378
131.41728
131.13375
130.83299
130.51474
130.17795
129.82247
129.44738
131.9682
131.74275
131.49827
131.23408
130.94945
130.64353
130.31487
129.96257
129.58468
131.93131
131.6942
131.43646
131.15603
130.85661
130.53172
130.18448
129.81277
129.40673
132.4836
132.27672
132.05592
131.82259
131.57581
131.30587
131.01008
130.68125
130.3231
129.92316
129.48854
129.01693
128.50869
127.95733
127.35758
126.71246
126.01232
125.24872
128.97041
128.50701
128.00623
127.47351
126.90215
126.2941
125.64466
124.94292
124.19421
129.18088
128.74993
128.29079
127.80044
127.27808
126.72015
126.1255
125.48885
124.80986
129.05312
128.63843
128.20332
127.7452
127.26359
126.7546
126.21816
125.64839
125.04492
129.84882
129.5134
129.16812
128.81038
128.44083
128.05481
127.65258
127.22658
126.77675
130.45343
130.21072
129.97564
129.74663
129.52387
129.30065
129.07681
128.84272
128.59717
132.16344
132.12087
132.10927
132.12285
132.16074
132.21426
132.28167
132.35227
132.42312
132.68661
133.00087
133.37407
133.79652
134.26463
134.76984
135.30696
135.86799
136.44682
136.29936
137.23356
138.19351
139.17591
140.18786
141.22692
142.29919
143.3967
144.5259
145.67739
137.03335
132.48003
128.32685
126.29295
124.39921
124.08184
123.40164
124.43445
146.85311
137.61906
132.51997
128.03112
125.77471
123.70978
123.30134
122.53778
123.54276
148.0414
138.1854
132.53056
127.69378
125.20912
122.96593
122.45962
121.62161
122.58074
149.23936
138.72101
132.50293
127.31172
124.59498
122.1665
121.5592
120.6452
121.54021
150.4139
139.19981
132.41953
126.86473
123.91723
121.29936
120.58896
119.58543
120.41314
151.55589
139.60535
132.26587
126.34709
123.17398
120.36174
119.54364
118.43636
119.19165
152.55618
139.90007
132.01983
125.74327
122.34711
119.33954
118.41574
117.21453
117.8802
153.39607
140.05985
131.66119
125.04182
121.43191
118.2322
117.19986
115.91809
116.47225
153.81056
140.00019
131.14943
124.2207
120.40828
117.02678
115.88464
114.52379
114.97577
113.42527
113.0287
114.43463
115.69793
119.22358
123.22365
130.40523
139.61601
153.76129
111.85705
111.42701
112.84859
114.22424
117.80436
121.93484
129.15414
138.29691
150.82537
110.07417
109.70289
111.09369
112.60121
116.16472
120.36522
127.49073
136.44875
148.26304
108.0339
107.85933
109.21131
110.8231
114.34856
118.58516
125.60528
134.46849
145.9378
105.74717
105.85084
107.21271
108.89922
112.38053
116.65799
123.58847
132.38778
143.55816
103.3528
103.7307
105.06041
106.84307
110.2726
114.60021
121.4531
130.19493
141.05663
100.81858
101.46567
102.78093
104.64147
108.02867
112.39467
119.17454
127.85236
138.448
98.177212
99.070921
100.35622
102.30868
105.64222
110.03198
116.74098
125.36237
135.82582
95.36888
96.559239
97.793815
99.833882
103.10096
107.49832
114.13835
122.72134
133.15968
130.45401
119.93767
111.37388
104.79935
100.41367
97.221261
95.108473
93.935023
92.4495
127.69209
117.01079
108.4461
101.9269
97.567833
94.462657
92.278806
91.176056
89.372111
124.86534
113.93363
105.36417
98.898926
94.573065
91.585974
89.331723
88.316511
86.181754
121.96146
110.70385
102.12242
95.71049
91.430021
88.588804
86.253096
85.345253
82.877555
118.97765
107.3072
98.728613
92.381698
88.169079
85.468091
83.099712
82.29084
79.524085
115.86762
103.74462
95.17394
88.898129
84.776294
82.246785
79.851757
79.141241
76.076912
112.63607
100.00089
91.471974
85.285165
81.28701
78.935044
76.556664
75.935699
72.632408
109.23129
96.086604
87.616329
81.531079
77.70266
75.532027
73.216723
72.677754
69.19833
105.65826
91.978694
83.629694
77.678322
74.060314
72.072218
69.880485
69.403773
65.857892
62.600493
66.100542
66.517321
68.515912
70.244992
73.556564
79.285339
87.392892
101.49193
59.428613
62.800943
63.147267
64.899535
66.298303
69.164431
74.565006
82.131715
96.420135
56.198549
59.56449
59.828334
61.310724
62.357829
64.696442
69.703037
76.71115
90.800621
53.162256
56.443897
56.619661
57.812507
58.496389
60.251056
64.805382
71.257145
84.655302
50.299519
53.444681
53.527734
54.422857
54.749565
55.85129
59.913377
65.918326
77.845325
47.767811
50.63263
50.609361
51.184399
51.170841
51.585876
55.049629
60.840897
70.115266
45.484464
48.010648
47.896264
48.138796
47.806338
47.485802
50.186825
56.287547
60.967358
43.589479
45.638619
45.409967
45.297004
44.701841
43.684332
45.266919
52.518468
50.536676
41.7991
43.514796
43.154972
42.699927
41.910354
40.31847
40.356065
49.986005
39.835762
40.39177
41.677406
41.14267
40.214351
39.123199
36.948167
34.282713
48.243822
32.394465
39.470607
40.059526
39.353388
37.675522
36.191129
33.274662
27.676404
47.29075
28.151117
39.009398
38.654039
37.762765
35.115327
33.125685
29.486372
22.010202
45.12571
29.198116
38.838708
37.381265
36.397399
32.558948
29.93483
25.519404
17.598968
41.770356
41.191109
38.904704
36.228956
35.228786
30.057442
26.695924
21.311095
12.92561
36.415947
40.391023
39.231511
35.29502
34.267823
27.671587
23.45925
16.795368
7.3900315
32.143599
34.331865
39.909194
34.60954
33.496574
25.459489
20.256216
11.990412
1.9210504
31.231921
34.788892
40.858512
34.2002
32.941871
23.454869
17.132834
6.9831953
-2.0083535
28.077904
32.364526
42.094807
34.08377
32.571447
21.694757
14.135015
1.8006332
-5.0262789
23.193768
30.996145
30.380872
20.592741
-6.2211141
-2.8984792
11.547684
20.323039
32.426446
34.279638
43.510457
30.115366
19.201813
-8.0388559
-6.9909171
9.4806434
19.28742
32.503314
34.779232
45.13657
29.778859
18.467654
-10.805105
-10.854145
7.6830822
18.549158
32.853315
35.554866
46.932054
29.234119
16.495
-13.933645
-14.41077
6.0964789
18.080623
33.410875
36.562479
48.891123
28.395293
14.031021
-17.428835
-17.815729
4.6606243
17.865303
34.159418
37.777748
50.947945
27.313797
11.259115
-21.115814
-21.008517
3.3821184
17.88131
35.055492
39.182448
53.100674
26.277045
8.5143761
-25.117355
-24.056433
2.2684783
18.143496
36.111381
40.767195
55.312086
24.681661
5.9093137
-29.164822
-26.787971
1.4247993
18.659497
37.310252
42.533932
57.609625
23.921331
3.7065928
-33.4697
-29.602715
0.77552819
19.462494
38.662974
44.513761
60.177605
22.507934
0.27544212
-39.507924
-31.66867
0.75344635
21.435034
41.333398
48.231303
64.55094
19.460501
-7.6632558
-52.316777
-33.758201
3.2807573
25.902069
46.039226
53.776151
69.803899
17.318362
-15.417512
-58.915493
-32.69429
7.7788688
31.558019
51.495822
59.524286
74.775205
16.199733
-24.003452
-65.759045
-29.206838
13.842233
37.932619
56.991732
65.222607
79.248196
13.230832
-31.485548
-69.919981
-23.778317
20.553406
44.287437
62.307513
70.672092
83.166654
8.9595672
-37.892004
-71.637006
-17.183848
27.848266
50.567383
67.441677
75.701134
86.4189
4.2069789
-42.802967
-71.027029
-9.5620212
35.436568
56.530691
72.291325
80.275195
89.094952
-0.60706653
-47.526488
-68.261296
-1.2143432
43.235401
62.178564
76.800309
84.251271
91.189304
-4.5496362
-50.51547
-60.210546
8.1693193
50.571596
67.141267
80.829112
87.608767
92.773314
5.9104585
-36.456066
-53.056743
17.268322
61.172768
87.436543
103.38918
98.085114
105.31395
5.839694
-36.854208
-53.382129
16.788502
60.833429
86.885454
103.13988
97.728877
105.03198
5.6887696
-37.705333
-53.834524
15.767028
60.203501
85.859843
102.62337
97.151331
104.4748
5.4629454
-38.975915
-54.515381
14.373682
59.298165
84.49493
101.82728
96.364184
103.95482
5.2478455
-40.57418
-55.248171
12.670297
58.275922
82.901395
100.78894
95.404582
103.3381
4.9012724
-42.727557
-55.906939
10.657925
57.19101
81.169905
99.47546
94.341062
102.69886
4.5252744
-44.575921
-57.578024
8.3147526
56.109916
79.410522
97.96627
93.254648
102.06153
4.1333735
-45.926043
-59.74614
5.7558624
55.06643
77.773524
96.392071
91.903703
101.57913
3.7680292
-47.326665
-61.483376
3.6470421
54.092702
76.271951
94.70561
91.300234
100.5968
-4.5538652
-50.524102
-60.222617
8.1668131
50.57189
67.14116
80.829426
87.609033
92.773507
-0.61040893
-47.534451
-68.273007
-1.2175192
43.235288
62.178452
76.800548
84.25154
91.189502
4.2045709
-42.809947
-71.038344
-9.5660735
35.435882
56.530461
72.291469
80.275461
89.095165
8.9575375
-37.898057
-71.647652
-17.188645
27.84708
50.566989
67.441739
75.70138
86.419131
13.22907
-31.49024
-69.929648
-23.783663
20.551692
44.286796
62.307455
70.672278
83.166896
16.197591
-24.006852
-65.767628
-29.212574
13.840027
37.931726
56.991518
65.222708
79.24843
17.316058
-15.41964
-58.922999
-32.700214
7.7762243
31.556817
51.495419
59.524258
74.775392
19.458741
-7.6643808
-52.322987
-33.764023
3.2777909
25.900516
46.038582
53.775942
69.804005
22.506955
0.27495378
-39.512394
-31.674116
0.75022321
21.433276
41.332531
48.230905
64.550921
43.509742
34.278444
32.425137
20.321191
11.545375
-2.9013748
-6.2217986
20.594347
30.381744
45.135934
34.778082
32.502007
19.285518
9.4782082
-6.9940533
-8.0396981
19.203672
30.116114
46.931487
35.553779
32.852023
18.547219
7.6805218
-10.857518
-10.806225
18.469269
29.779384
48.890625
36.561461
33.409606
18.078663
6.0938057
-14.414395
-13.935121
16.496151
29.234329
50.94752
37.776813
34.158184
17.863331
4.6578542
-17.819636
-17.430667
14.031819
28.395215
53.100317
39.181604
35.054302
17.879339
3.3792469
-21.012723
-21.117979
11.259577
27.313378
55.311808
40.76644
36.110249
18.14154
2.2655209
-24.060934
-25.119934
8.5145224
26.276422
57.609438
42.533274
37.309185
18.657567
1.4217644
-26.792751
-29.167857
5.9091963
24.681031
60.177489
44.513202
38.661974
19.460611
0.77241556
-29.607812
-33.47327
3.7061851
23.920741
30.997076
23.195144
-5.0270731
1.7980391
14.13285
21.692974
32.570145
34.082554
42.094016
32.365522
28.079126
-2.0091681
6.9809177
17.130826
23.453159
32.940579
34.198967
40.857651
34.790238
31.233083
1.9201699
11.988411
20.254356
25.457868
33.495309
34.608289
39.90826
34.333002
32.144768
7.3891553
16.793611
23.457541
27.670044
34.266595
35.29378
39.230515
40.392022
36.416999
12.924758
21.309532
26.694363
30.055985
35.227596
36.227758
38.903674
41.192262
41.771369
17.598128
25.51801
29.933411
32.557583
36.39625
37.380096
38.83769
29.19915
45.126614
22.009352
29.485126
33.124402
35.114054
37.761649
38.652908
39.00839
28.151863
47.29138
27.675629
33.273547
36.189956
37.674345
39.352305
40.058437
39.469594
32.395099
48.244217
34.282121
36.947182
39.122137
40.213272
41.141646
41.676371
40.390766
62.599982
66.100145
66.516955
68.515679
70.244874
73.55662
79.28566
87.393283
101.49231
59.428054
62.800474
63.146825
64.899206
66.298118
69.164429
74.565311
82.132136
96.420538
56.197929
59.563948
59.827822
61.310309
62.357566
64.69638
69.703311
76.711598
90.801091
53.161556
56.443287
56.619076
57.812021
58.496036
60.250911
64.805614
71.257606
84.655782
50.298735
53.443989
53.527069
54.422263
54.749109
55.85105
59.913554
65.91882
77.845819
47.766964
50.631852
50.608621
51.18372
51.170279
51.585522
55.049723
60.841397
70.115821
45.483574
48.009804
47.895438
48.138006
47.805655
47.485308
50.186802
56.288045
60.967949
43.588542
45.637702
45.409062
45.296092
44.701027
43.683672
45.266739
52.518921
50.53733
41.798119
43.513812
43.154006
42.698934
41.909416
40.317636
40.355698
49.986357
39.836412
105.65864
91.979054
83.630015
77.678413
74.060255
72.07201
69.880181
69.403434
65.857447
109.23166
96.086952
87.616638
81.531198
77.702638
75.531864
73.216477
72.677475
69.197956
112.63644
100.00122
91.472276
85.285318
81.287029
78.934954
76.556472
75.935474
72.632098
115.868
103.74494
95.174239
88.898296
84.776348
82.246725
79.851605
79.141049
76.07667
118.978
107.3075
98.728905
92.381869
88.169154
85.468057
83.099608
82.290684
79.523889
121.96181
110.70414
102.12271
95.710666
91.430118
88.588794
86.25303
85.34514
82.877391
124.8657
113.9339
105.36445
98.899099
94.573167
91.585976
89.331678
88.316422
86.181607
127.69246
117.01105
108.44637
101.92707
97.567947
94.462688
92.278786
91.175988
89.371995
130.45437
119.93791
111.37414
104.79952
100.4138
97.221301
95.10848
93.934982
92.449437
113.42529
113.02872
114.43469
115.69798
119.22368
123.22374
130.40542
139.61624
153.76171
111.85708
111.42703
112.84863
114.22429
117.80446
121.93494
129.15433
138.29713
150.82579
110.07419
109.70291
111.09372
112.60127
116.16483
120.36533
127.49091
136.44896
148.26344
108.0339
107.85935
109.21135
110.82315
114.34869
118.58528
125.6055
134.46871
145.93821
105.74717
105.85086
107.21275
108.89928
112.38065
116.65812
123.58871
132.38801
143.55857
103.35281
103.73071
105.06045
106.84313
110.27272
114.60035
121.45335
130.19518
141.05703
100.81857
101.46568
102.78096
104.64154
108.0288
112.39483
119.1748
127.85262
138.4484
98.177194
99.070909
100.35624
102.30874
105.64236
110.03214
116.74123
125.36262
135.82622
95.368853
96.559214
97.793829
99.833921
103.10109
107.49849
114.1386
122.72159
133.16005
114.97579
116.47227
117.88021
119.19166
120.41314
121.5402
122.58072
123.54273
124.43442
114.52381
115.9181
117.21454
118.43638
119.58543
120.64521
121.62163
122.53774
123.40158
115.88469
117.19989
118.41577
119.54366
120.58897
121.5592
122.45962
123.30134
124.08183
117.02682
118.23223
119.33957
120.36175
121.29937
122.1665
122.96592
123.70977
124.39919
120.40837
121.43199
122.34717
123.17403
123.91728
124.59501
125.20914
125.77473
126.29295
124.22078
125.0419
125.74333
126.34714
126.86477
127.31174
127.69378
128.03111
128.32684
131.1496
131.66134
132.01997
132.266
132.41964
132.50302
132.53062
132.52002
132.48007
140.00038
140.06002
139.90023
139.6055
139.19995
138.72113
138.18547
137.6191
137.03339
153.81098
153.39646
152.55656
151.55625
150.41425
149.23968
148.04169
146.85336
145.67759
125.24868
124.19418
124.80984
125.04488
126.77674
128.59714
132.42313
136.44684
144.52608
126.01228
124.94288
125.48882
125.64835
127.22656
128.84268
132.35227
135.868
143.39687
126.71242
125.64463
126.12546
126.21811
127.65255
129.07676
132.28165
135.30695
142.29933
127.35752
126.29406
126.7201
126.75455
128.05477
129.30058
132.21422
134.76977
141.22704
127.95728
126.9021
127.27803
127.26353
128.44078
129.52379
132.16069
134.26454
140.18794
128.50863
127.47345
127.80038
127.74513
128.81032
129.74654
132.12279
133.79643
139.17596
129.01686
128.00617
128.29073
128.20324
129.16805
129.97554
132.10921
133.37394
138.19352
129.48846
128.50695
128.74986
128.63835
129.51332
130.21062
132.1208
133.00074
137.23353
129.92309
128.97034
129.18081
129.05303
129.84874
130.45332
132.16333
132.68648
136.29931
132.48351
131.93121
131.96811
131.93287
132.37804
132.7838
133.76046
133.21685
131.88938
132.27663
131.69411
131.74266
131.68367
132.14074
132.52661
133.50022
132.86477
131.49425
132.05583
131.43637
131.49819
131.41717
131.89244
132.26611
133.25222
132.57408
131.36805
131.8225
131.15594
131.234
131.13364
131.63375
132.00342
133.02024
132.35333
131.5891
131.57572
130.85652
130.94937
130.83289
131.36399
131.74016
132.80905
132.20488
132.12099
131.30578
130.53164
130.64345
130.51464
131.08325
131.47733
132.6233
132.13249
132.84003
131.01
130.1844
130.31479
130.17785
130.79097
131.21502
132.46374
132.14418
133.64456
130.68117
129.8127
129.96249
129.82238
130.48792
130.95561
132.33365
132.25366
134.49762
130.32303
129.40666
129.5846
129.44729
130.17348
130.70143
132.2337
132.43468
135.38461
132.31448
133.63962
134.04264
133.04704
132.60999
132.16865
132.17747
132.14728
132.65299
132.93851
134.14225
134.33887
133.30509
132.83118
132.3891
132.37085
132.3445
132.78828
133.62918
134.67408
134.62769
133.54654
133.03379
132.5902
132.54629
132.52239
132.90061
134.33896
135.20956
134.89656
133.76703
133.21591
132.77202
132.70466
132.68299
133.00101
135.08916
135.73478
135.13791
133.96189
133.37584
132.93446
132.84643
132.82626
133.08156
135.86566
136.23886
135.34756
134.12963
133.51414
133.0789
132.9729
132.9529
133.15186
136.66639
136.71829
135.52282
134.27409
133.63433
133.20829
133.08608
133.06178
133.2063
137.48391
137.17712
135.67901
134.41227
133.75032
133.33055
133.18993
133.15329
133.24836
138.30224
137.63133
135.86819
134.58123
133.88689
133.45881
133.28959
133.2273
133.2676
139.21737
138.14344
136.18214
134.8608
134.10656
133.64484
133.42076
133.30487
133.27306
140.24641
138.69467
136.56572
135.2015
134.39133
133.90007
133.6199
133.43247
133.32536
141.27098
139.20797
136.94197
135.53614
134.67581
134.15796
133.83106
133.58339
133.41387
142.27893
139.68568
137.30613
135.86679
134.96632
134.42239
134.05518
133.75821
133.53474
143.24208
140.11682
137.63565
136.18117
135.25461
134.68974
134.28996
133.95438
133.68574
144.0778
140.47985
137.91927
136.47664
135.53562
134.95671
134.53299
134.16854
133.86417
144.65256
140.73785
138.13772
136.74442
135.80466
135.21945
134.78024
134.39698
134.06787
144.76898
140.88513
138.31637
136.99005
136.06297
135.47661
135.02811
134.63517
134.29422
144.31661
140.91223
138.4672
137.2109
136.30846
135.72473
135.27231
134.87836
134.5392
136.26983
136.36699
136.56078
136.87385
137.28381
137.85837
138.52304
139.80678
140.15382
136.21606
136.32627
136.53845
136.86324
137.30907
137.91507
138.71371
139.98698
140.86486
136.11045
136.24476
136.47938
136.8239
137.29021
137.92886
138.75655
140.13027
141.10197
135.95833
136.12451
136.38571
136.75172
137.23392
137.91148
138.79305
140.26589
141.46003
135.76852
135.96952
136.25961
136.64655
137.14726
137.86231
138.81893
140.40466
141.90197
135.54854
135.78611
136.10407
136.50982
137.03375
137.78965
138.81307
140.53919
142.32777
135.3066
135.57963
135.92354
136.34542
136.88875
137.6838
138.77197
140.66279
142.77979
135.05244
135.35539
135.72255
136.15778
136.71807
137.54965
138.69222
140.76185
143.23446
134.79433
135.1199
135.50449
135.95144
136.52527
137.39278
138.58905
140.83671
143.70694
143.04123
143.73867
144.43914
145.26401
146.2112
147.23241
148.32693
149.46113
150.53849
143.73867
144.38104
145.11282
145.96991
146.9358
147.96174
149.04108
150.15432
151.20792
144.43914
145.11282
145.88284
146.76002
147.7247
148.74151
149.8036
150.89847
151.96639
145.26405
145.96994
146.76003
147.6327
148.58093
149.58041
150.62603
151.71907
152.82937
146.21126
146.93587
147.72475
148.58096
149.50062
150.48068
151.51375
152.62028
153.80001
147.23252
147.96185
148.74161
149.58049
150.48074
151.45081
152.49087
153.63886
154.8869
148.32708
149.04125
149.80377
150.62618
151.51387
152.49097
153.54724
154.76462
156.13454
149.4614
150.1546
150.89877
151.71937
152.62055
153.63912
154.76485
156.00734
157.37496
150.53897
151.20841
151.96691
152.8299
153.80056
154.88742
156.13511
157.37541
159.14568
163.47993
160.09434
158.90486
157.07903
155.74596
154.47699
153.40842
152.48009
151.72372
153.56712
154.59577
154.54813
154.47882
154.13716
153.63173
153.05477
152.39154
151.70577
149.92358
150.46599
150.59143
150.82023
150.84448
150.79149
150.66955
150.43982
150.08256
147.57473
147.88265
147.86234
148.03507
148.05046
148.07756
148.0467
148.00774
147.84933
145.7783
145.96591
145.94728
146.03047
146.00806
146.00788
145.97861
145.97175
145.90382
144.17976
144.31006
144.25352
144.34553
144.28491
144.3099
144.24191
144.22579
144.15354
142.76065
142.79944
142.76108
142.78134
142.73308
142.71872
142.67079
142.63731
142.58796
141.3905
141.38313
141.31198
141.32813
141.24367
141.24246
141.1663
141.13964
141.06936
140.07386
140.00539
139.93539
139.88085
139.80656
139.74577
139.6865
139.63593
139.5715
138.17646
136.79926
135.30182
133.57088
131.60672
129.03222
126.00458
122.2567
119.51404
138.25966
136.87081
135.35614
133.59121
131.54522
128.95828
125.7865
122.15415
118.73534
138.28367
136.89029
135.33359
133.54766
131.41657
128.79671
125.5091
121.8012
117.80088
138.36641
136.9334
135.39817
133.5406
131.41081
128.66192
125.30034
121.26403
116.79615
138.39056
136.98769
135.39778
133.57426
131.3589
128.60092
125.07845
120.78481
115.83458
138.49192
137.05239
135.47018
133.61042
131.38432
128.55618
124.97053
120.28177
114.9655
138.52883
137.12867
135.51969
133.70616
131.42055
128.6456
124.91935
120.09022
114.1075
138.61323
137.18231
135.58511
133.73742
131.48847
128.62618
124.9338
119.84702
115.44789
138.73032
137.32066
135.72466
133.93327
131.67225
128.95213
125.11637
120.15702
112.84614
120.07025
122.66625
125.82514
128.06807
129.57907
130.97629
132.32782
133.66759
134.94925
118.90138
121.80342
125.447
127.8177
129.39663
130.87135
132.30759
133.68487
134.99342
117.50601
121.0375
125.14534
127.57067
129.1757
130.70057
132.18898
133.60635
134.9372
115.65366
120.20823
124.90102
127.39312
129.10561
130.70175
132.24648
133.67422
135.01267
113.32419
119.14279
124.3999
126.93115
128.7384
130.44563
132.07089
133.55151
134.91831
110.56591
119.01473
124.59864
127.00331
128.85858
130.58075
132.20191
133.66367
135.02044
104.99065
117.29703
123.95405
126.37673
128.43323
130.31367
132.02482
133.52888
134.91456
100.94384
117.77943
124.43694
126.59778
128.60714
130.46854
132.15128
133.63228
135.00052
90.249775
116.25443
124.02543
126.23511
128.38697
130.34477
132.07045
133.56119
134.94653
136.2004
137.42057
138.66891
139.93842
141.26452
142.62895
144.06883
145.58063
147.20677
136.23865
137.46969
138.71158
139.99425
141.3179
142.70116
144.14693
145.68126
147.31116
136.20209
137.45004
138.70905
140.00745
141.34458
142.74323
144.19772
145.75067
147.39501
136.26602
137.52073
138.77549
140.08091
141.41669
142.82424
144.2828
145.84998
147.50388
136.19274
137.46707
138.74063
140.06004
141.40942
142.83103
144.30674
145.89301
147.56471
136.28013
137.54698
138.81106
140.12787
141.47374
142.89771
144.37224
145.96343
147.63825
136.19645
137.48342
138.76734
140.09918
141.45709
142.89135
144.37731
145.98077
147.66752
136.27261
137.54894
138.82653
140.15152
141.50711
142.93924
144.42478
146.02844
147.71655
136.22754
137.51424
138.79691
140.13063
141.48783
142.9264
144.41279
146.02231
147.71294
148.94444
150.83299
152.85776
155.04427
157.35854
159.83931
162.40887
165.11844
167.03412
149.07577
150.97418
153.04007
155.26652
157.67206
160.25406
162.98476
165.82534
167.90571
149.18696
151.10876
153.21707
155.48719
157.98203
160.6685
163.54997
166.48518
168.77287
149.31603
151.25354
153.39806
155.70066
158.26833
161.0218
164.0321
167.0768
169.62967
149.39722
151.35475
153.52889
155.86451
158.48941
161.30749
164.45085
167.6248
170.47857
149.48192
151.45011
153.64765
156.00449
158.67969
161.54494
164.82708
168.12004
171.31364
149.52721
151.50544
153.72414
156.09772
158.81439
161.71294
165.12273
168.53998
172.14288
149.57947
151.56063
153.79095
156.17182
158.92096
161.83594
165.36523
168.86079
173.11792
149.58162
151.56908
153.80447
156.19777
158.95313
161.89688
165.47935
169.0646
173.25761
168.09062
160.58705
157.91843
154.6044
151.32511
148.17592
145.17109
142.2169
139.31331
169.27955
161.40431
158.66476
155.20288
151.84733
148.61463
145.6029
142.58631
139.68387
170.36745
162.14534
159.34886
155.80925
152.37671
149.09141
146.04799
143.01131
140.09367
171.48479
162.82428
159.95423
156.29177
152.85099
149.47819
146.45014
143.34448
140.4535
172.65882
163.67527
160.67081
156.9245
153.41528
150.02929
146.94823
143.85243
140.92086
173.82297
164.24843
161.15894
157.31315
153.80948
150.31472
147.25508
144.07727
141.17692
175.25448
165.32429
161.9039
158.03541
154.45729
150.94657
147.84112
144.66641
141.74576
176.00006
165.59702
162.13621
158.20647
154.63994
151.06646
147.97178
144.75809
141.84913
178.48308
167.24205
163.1045
159.09183
155.46606
151.83593
148.69667
145.45615
142.53307
136.39255
133.46557
130.49951
127.49509
124.43278
121.31407
118.1106
114.82728
111.44491
136.71318
133.80629
130.79893
127.822
124.7254
121.63093
118.40088
115.13224
111.72624
137.12796
134.21563
131.2211
128.24255
125.1614
122.07094
118.86082
115.60851
112.22484
137.4282
134.55259
131.5108
128.56978
125.45541
122.39539
119.16454
115.93602
112.54216
137.91667
135.01195
131.99128
129.0356
125.93428
122.87832
119.64892
116.44863
113.03729
138.11449
135.2465
132.18756
129.26311
126.14143
123.10443
119.87388
116.6761
113.29304
138.68861
135.81555
132.75818
129.8435
126.71614
123.70521
120.45746
117.31481
113.87293
138.76807
135.9065
132.83922
129.93017
126.80506
123.79058
120.55872
117.39734
114.01225
139.43863
136.57962
133.50585
130.61237
127.48216
124.49375
121.25626
118.14099
114.71068
107.55108
103.00908
98.421362
93.559541
88.688163
84.093619
79.721132
73.41597
64.781377
107.89348
103.43984
98.960729
94.231755
89.474791
85.056053
81.090783
75.648327
68.147179
108.44321
104.08525
99.737455
95.106608
90.534588
86.029639
82.288384
76.841209
70.916376
108.85173
104.62134
100.37058
95.868746
91.367608
86.944325
83.498437
79.736619
73.629346
109.40893
105.23342
101.16485
96.713723
92.398724
87.844835
84.7793
79.964939
82.178564
109.73336
105.74628
101.67894
97.430299
93.024315
88.622258
84.771258
83.903722
82.458129
110.41765
106.46691
102.69254
98.467491
94.356491
89.806663
86.287569
80.294651
105.33389
110.57721
106.7959
102.93565
98.94568
94.698943
90.279978
85.194394
82.423734
93.84028
111.41476
107.76993
104.22225
100.36154
96.549202
92.276373
89.589372
70.929937
134.55104
43.827251
29.459018
30.514348
28.150372
25.960018
29.531785
31.786992
32.445694
32.331726
45.194595
28.871919
30.697058
28.889868
29.062409
30.428769
32.173978
32.624866
32.391839
45.638871
27.955306
31.184354
28.811515
27.869689
30.672301
32.392401
32.813202
32.468768
43.816883
26.076276
32.021309
28.819954
29.702371
31.177406
32.545316
33.006208
32.606369
38.806086
23.490237
32.667656
28.914642
29.338364
31.561026
32.736826
33.201593
32.800871
33.345668
24.165573
33.940644
28.333651
30.201969
31.952754
32.868917
33.433312
32.99005
35.807388
36.440337
31.820923
28.990529
30.398475
32.236827
33.034048
33.632508
33.180109
35.432383
20.543606
32.434113
28.274807
30.738274
32.492299
33.140105
33.814008
33.321672
-44.740835
44.586418
29.60798
28.986182
31.588831
32.744112
33.30647
33.918772
33.391069
30.389233
27.990252
25.226546
21.547709
17.539951
12.892242
9.8968045
-1.4130051
3.8192944
30.528974
28.146479
25.303077
21.66681
17.427129
12.373196
8.8985435
-1.2979904
5.754174
30.587386
28.182293
25.196263
21.163504
16.737974
11.457852
7.0465718
-0.7440536
5.5908165
30.719673
28.229115
25.00081
20.876005
16.223794
10.756198
5.8452976
-0.77607421
8.1297087
30.883827
28.309753
24.974962
20.660815
15.701323
10.164899
5.2068797
1.7522652
10.666165
31.051425
28.431711
24.882873
20.41215
15.276196
9.7531035
5.1904942
4.2737115
13.232998
31.190217
28.46055
24.760329
20.06509
14.779594
9.2935627
5.898334
7.0972837
16.69489
31.293409
28.497888
24.672392
19.882769
14.51645
9.4265626
6.2176737
9.0005793
18.128522
31.312426
28.333828
24.264785
19.159837
13.649916
8.8068058
7.0544848
12.220913
22.076786
5.6596408
5.2767741
5.8126408
10.438181
13.819046
18.095602
18.261752
16.177027
14.45892
6.4715701
4.8695303
4.3244895
8.951552
13.504835
18.143018
19.068835
17.907839
17.392359
7.4765536
5.2378365
5.1494989
8.7067275
13.16995
17.512043
19.222602
19.483472
19.998085
9.2229652
4.8702396
4.1828461
7.3492623
12.952212
16.71903
18.735013
20.819586
20.8266
12.096101
5.4552165
6.1629911
7.8739709
12.886953
16.471922
17.685232
20.255401
20.587735
16.121846
5.7123121
5.09524
6.3035678
11.412611
17.032172
16.232296
18.147117
22.038005
19.967477
7.6186675
7.8144994
7.1769657
10.673245
17.213129
15.989166
17.50532
26.868594
23.732063
8.2401253
6.8563509
6.1444983
9.0736589
16.810453
19.840984
7.4048589
32.747556
28.375011
13.326433
9.2721169
6.9216292
7.6404418
13.807433
16.040736
22.120381
-55.233199
13.285334
14.430187
16.168952
19.040731
23.004989
27.89868
33.93738
40.501103
47.413803
14.39352
16.693901
19.462944
22.921093
27.102037
31.956178
37.649153
44.135478
50.58695
15.204484
19.672645
23.420475
27.395789
31.928119
36.943364
42.64232
48.613632
54.248237
16.100291
22.863846
27.047592
31.547734
36.474393
41.804966
47.566429
53.082334
58.285145
19.240266
26.781071
31.09685
35.987781
41.22787
46.755878
52.330521
57.519521
62.24942
24.465924
30.413887
35.457272
40.701323
46.117226
51.522106
56.757216
61.5462
65.863885
31.250141
35.277561
39.901218
44.942209
50.168252
55.412589
60.376772
64.892195
68.853008
39.369565
39.31504
42.312578
46.907696
52.542308
57.947121
62.903496
67.186922
70.845044
16.175812
23.67364
35.751808
45.466867
53.304176
59.420687
64.310185
68.356088
71.664808
74.370637
76.471147
78.204276
79.543228
80.633511
81.461435
82.295079
82.626838
83.053227
73.611902
75.781109
77.486509
78.900055
79.911389
80.738189
81.363583
81.707645
81.898482
71.843575
74.078716
75.884006
77.365482
78.508618
79.272371
79.868429
80.312779
80.326735
68.988356
71.302372
73.225114
74.761735
76.026253
76.904918
77.465077
77.911486
77.97802
65.527982
67.798136
69.873892
71.523896
72.866048
73.8893
74.52376
74.95531
75.107368
61.866282
64.145383
66.177998
67.969379
69.36999
70.43421
71.153571
71.590722
71.787654
58.168456
60.49292
62.436659
64.134203
65.569764
66.62414
67.335731
67.805638
68.013318
54.601547
56.812076
58.537331
59.965693
61.16819
62.180691
62.822662
63.222397
63.410183
51.498199
53.333691
54.710295
55.831249
56.789935
57.564906
58.144855
58.472975
58.6516
83.053979
81.898831
80.326056
77.977499
75.107071
71.787434
68.013171
63.410067
58.651496
82.626476
81.706984
80.311573
77.910751
74.954528
71.590119
67.805255
63.221956
58.472456
82.294152
81.361658
79.866847
77.463641
74.522702
71.152751
67.33505
62.821789
58.144062
81.460103
80.736185
79.270041
76.902938
73.887695
70.432844
66.622867
62.17946
57.563813
80.63155
79.908825
78.50586
76.023732
72.863779
69.368104
65.567988
61.16665
56.788549
79.540566
78.896793
77.362468
74.758831
71.521367
67.967265
64.132348
59.963842
55.829646
78.200949
77.482777
75.880588
73.221834
69.871318
66.175729
62.43457
58.535378
54.708603
76.467238
75.777024
74.074888
71.298856
67.795262
64.142914
60.490618
56.809824
53.331562
74.366069
73.607462
71.839574
68.984651
65.524847
61.863664
58.165947
54.598658
51.495061
47.409103
40.497212
33.934904
27.897737
23.005156
19.041424
16.169775
14.430704
13.28566
50.5832
44.13211
37.646758
31.954659
27.101491
22.921241
19.463604
16.694588
14.394021
54.245374
48.611095
42.640507
36.942175
31.927654
27.395873
23.420901
19.673331
15.205538
58.282445
53.079977
47.564573
41.803681
36.47367
31.547495
27.047739
22.86438
16.101178
62.246293
57.516579
52.328074
46.754049
41.226598
35.987084
31.096635
26.781069
19.242169
65.860081
61.542554
56.753903
51.51935
46.115111
40.699909
35.456512
30.413687
24.467481
68.848842
64.887945
60.37266
55.408814
50.165101
44.939814
39.899716
35.276795
31.250025
70.840201
67.18186
62.898419
57.94222
52.537763
46.903724
42.30924
39.312544
39.368375
71.659754
68.350777
64.304681
59.415101
53.298659
45.461735
35.747404
23.670316
16.174417
-55.232794
22.122766
16.039411
13.802739
7.6361874
6.9185805
9.2720061
13.328276
28.377963
32.746898
7.4073273
19.84255
16.806688
9.0688485
6.1401056
6.8549254
8.2411494
23.734895
26.867593
17.504628
15.988769
17.210908
10.668781
7.1725811
7.8123821
7.6191507
19.970143
22.037861
18.146464
16.2324
17.029637
11.40793
6.2984098
5.0920363
5.7120311
16.124312
20.587895
20.254791
17.684564
16.469961
12.882857
7.8686704
6.1589507
5.4540906
12.098894
20.825878
20.819451
18.734088
16.71682
12.948167
7.3436751
4.1777734
4.8683514
9.2255941
19.997916
19.484199
19.221635
17.509674
13.166047
8.7013559
5.1438613
5.2347456
7.479494
17.3931
17.908279
19.068075
18.140963
13.500933
8.9461971
4.3183928
4.8654497
6.4751414
14.459996
16.177053
18.261312
18.093549
13.815082
10.433364
5.8062723
5.2716214
5.6626727
3.8204038
-1.4127136
9.8957506
12.890632
17.538024
21.545574
25.225075
27.989646
30.389592
5.7542895
-1.2963054
8.8971392
12.371584
17.425338
21.664645
25.30151
28.145854
30.529299
5.592179
-0.74366573
7.0457377
11.456261
16.736252
21.161417
25.194682
28.181615
30.587696
8.1316653
-0.77461009
5.8450296
10.754963
16.222019
20.873877
24.999223
28.228465
30.719985
10.668359
1.7540453
5.2068639
10.163795
15.699615
20.658708
24.973335
28.309079
30.884157
13.23527
4.2757358
5.1906665
9.752176
15.274559
20.410064
24.881322
28.431055
31.051786
16.697225
7.0995106
5.8988641
9.2928757
14.778009
20.062996
24.758769
28.459896
31.190639
18.130775
9.0027644
6.2183698
9.4260316
14.51496
19.880739
24.670885
28.497254
31.293872
22.079214
12.223352
7.0556412
8.8065311
13.64857
19.15781
24.263228
28.333148
31.3129
32.332941
32.446962
31.78801
29.53285
25.961263
28.151478
30.515707
29.460049
43.82808
32.392995
32.626213
32.175093
30.429857
29.063625
28.891003
30.698393
28.872977
45.19544
32.46988
32.814622
32.393571
30.673467
27.870947
28.812631
31.185666
27.956427
45.639738
32.607491
33.007679
32.54653
31.178638
29.703504
28.821111
32.022655
26.077518
43.8178
32.802022
33.203107
32.738066
31.562294
29.339586
28.915761
32.668867
23.491654
38.807077
32.991253
33.434879
32.870193
31.954041
30.203164
28.334823
33.941855
24.16682
33.346651
33.181362
33.634107
33.035354
32.238131
30.399712
28.991666
31.822105
36.441698
35.808389
33.322966
33.815654
33.141434
32.493604
30.739523
28.275968
32.435305
20.544882
35.433314
33.392376
33.920441
33.307838
32.745437
31.590102
28.987343
29.609176
44.587589
-44.739293
64.782131
73.416608
79.721746
84.094241
88.688731
93.560044
98.421817
103.0095
107.55146
68.147927
75.648964
81.091401
85.056682
89.475354
94.232253
98.961175
103.44026
107.89386
70.9171
76.84184
82.289021
86.030254
90.535138
95.107102
99.737893
104.08567
108.44359
73.630003
79.737289
83.499079
86.944927
91.368144
95.869232
100.37101
104.62176
108.85211
82.179291
79.965581
84.779934
87.845429
92.39925
96.714205
101.16528
105.23383
109.40931
82.458767
83.90438
84.771889
88.622835
93.024832
97.430771
101.67936
105.74669
109.73373
105.33445
80.295307
86.288185
89.807222
94.356993
98.467953
102.69297
106.46731
110.41802
93.840866
82.424392
85.195005
90.280527
94.699443
98.946138
102.93607
106.79631
110.57758
134.55145
70.930627
89.589943
92.276902
96.549684
100.36199
104.22267
107.77033
111.41513
111.44529
114.82766
118.11099
121.31445
124.43316
127.49547
130.4999
133.46595
136.39295
111.72662
115.13263
118.40126
121.63131
124.72578
127.82238
130.79932
133.80668
136.71358
112.22522
115.60889
118.86121
122.07132
125.16178
128.24293
131.22148
134.21602
137.12836
112.54255
115.93639
119.16492
122.39577
125.45579
128.57017
131.51119
134.55299
137.42861
113.03768
116.449
119.6493
122.8787
125.93467
129.03599
131.99167
135.01235
137.91707
113.29343
116.67648
119.87426
123.10481
126.14182
129.26349
132.18795
135.24689
138.11491
113.87332
117.31518
120.45784
123.70559
126.71652
129.84388
132.75857
135.81595
138.68902
114.01264
117.39771
120.55911
123.79096
126.80545
129.93056
132.83962
135.9069
138.76849
114.71107
118.14137
121.25664
124.49412
127.48254
130.61276
133.50625
136.58002
139.43904
139.31371
142.2173
145.17149
148.17632
151.32551
154.60479
157.91885
160.58736
168.09096
139.68427
142.58672
145.6033
148.61503
151.84774
155.20328
158.66517
161.40461
169.27988
140.09407
143.01172
146.04839
149.09181
152.37712
155.80966
159.34927
162.14562
170.36776
140.45391
143.34488
146.45053
149.47859
152.85141
156.29218
159.95464
162.82455
171.48514
140.92126
143.85283
146.94862
150.02969
153.41569
156.9249
160.67122
163.67554
172.6592
141.17733
144.07767
147.25547
150.31512
153.80989
157.31356
161.15934
164.2487
173.82339
141.74616
144.66681
147.84151
150.94697
154.4577
158.03581
161.9043
165.32457
175.25488
141.84954
144.75849
147.97217
151.06687
154.64036
158.20688
162.13661
165.59729
176.00049
142.53347
145.45654
148.69706
151.83634
155.46648
159.09224
163.10488
167.24232
178.48349
167.0346
165.11884
162.40911
159.83955
157.35881
155.04455
152.85807
150.83329
148.9447
167.9062
165.82573
162.985
160.2543
157.67235
155.26681
153.04037
150.97447
149.07603
168.77336
166.48555
163.55021
160.66875
157.98233
155.48749
153.21737
151.10906
149.18721
169.63012
167.07715
164.03235
161.02205
158.26863
155.70096
153.39836
151.25383
149.31627
170.47899
167.62514
164.45111
161.30775
158.48972
155.86481
153.52918
151.35503
149.39746
171.31403
168.12037
164.82735
161.54521
158.68
156.00478
153.64795
151.45039
149.48215
172.14325
168.54031
165.12301
161.71321
158.8147
156.09803
153.72443
151.50571
149.52744
173.11828
168.86111
165.3655
161.83623
158.92128
156.17213
153.79124
151.5609
149.5797
173.25796
169.06492
165.47963
161.89716
158.95345
156.19808
153.80476
151.56935
149.58186
147.207
145.58082
144.069
142.6291
141.26465
139.93854
138.66899
137.42063
136.20042
147.31139
145.68146
144.1471
142.70132
141.31803
139.99436
138.71166
137.46975
136.23867
147.39523
145.75087
144.19788
142.74338
141.34471
140.00757
138.70914
137.45009
136.20211
147.50409
145.85017
144.28297
142.82439
141.41681
140.08102
138.77557
137.52078
136.26604
147.56492
145.89321
144.30692
142.83119
141.40956
140.06016
138.74071
137.46712
136.19276
147.63846
145.96363
144.37242
142.89787
141.47388
140.12799
138.81114
137.54704
136.28015
147.66773
145.98097
144.37749
142.89151
141.45723
140.09929
138.76742
137.48347
136.19647
147.71676
146.02864
144.42496
142.93941
141.50725
140.15163
138.82661
137.54899
136.27263
147.71315
146.02251
144.41297
142.92656
141.48797
140.13074
138.79699
137.51429
136.22756
134.94923
133.66757
132.3278
130.97622
129.5789
128.06781
125.82482
122.66588
120.06979
134.9934
133.68484
132.30755
130.87127
129.39645
127.81744
125.44669
121.80304
118.90092
134.93719
133.60632
132.18893
130.70048
129.17553
127.57042
125.14502
121.03713
117.50555
135.01265
133.67419
132.24642
130.70166
129.10543
127.39288
124.90071
120.20785
115.65318
134.9183
133.55147
132.07083
130.44554
128.73823
126.9309
124.39959
119.1424
113.32371
135.02042
133.66363
132.20185
130.58065
128.85842
127.00308
124.59834
119.01433
110.56543
134.91455
133.52884
132.02476
130.31356
128.43305
126.37648
123.95374
117.29662
104.99015
135.00051
133.63225
132.15122
130.46844
128.60698
126.59754
124.43664
117.77901
100.94323
134.94652
133.56116
132.07038
130.34466
128.38679
126.23487
124.02512
116.254
90.249148
119.5136
122.25636
126.00412
129.03171
131.60617
133.57034
135.30125
136.79866
138.17586
118.73489
122.15376
125.78603
128.95776
131.54469
133.59068
135.35557
136.87022
138.25907
117.80043
121.80077
125.50864
128.79617
131.41603
133.54713
135.33301
136.88968
138.28308
116.79569
121.26359
125.29985
128.66138
131.41028
133.54008
135.39757
136.93279
138.36582
115.83411
120.78438
125.07795
128.60037
131.35838
133.57373
135.39717
136.98708
138.38997
114.96503
120.28132
124.97003
128.55562
131.3838
133.60989
135.46956
137.05178
138.49133
114.107
120.08976
124.91884
128.64504
131.42003
133.70563
135.51906
137.12806
138.52824
115.44742
119.84656
124.93328
128.62562
131.48796
133.73688
135.58448
137.18169
138.61264
112.84562
120.15655
125.11584
128.95156
131.67174
133.93273
135.72403
137.32005
138.72973
139.57088
141.06866
142.58719
144.15274
145.90291
147.84834
150.08153
151.70473
151.72296
139.6353
141.13894
142.63656
144.22499
145.97082
148.00673
150.43875
152.39046
152.47927
139.68585
141.1656
142.67003
144.2411
145.97768
148.04567
150.66842
153.05358
153.40753
139.74512
141.24174
142.71796
144.30908
146.00693
148.07652
150.79034
153.63043
154.47598
139.80591
141.24295
142.73231
144.28408
146.00711
148.04942
150.84329
154.13577
155.74475
139.88019
141.32741
142.78057
144.34469
146.0295
148.034
150.81902
154.47734
157.0776
139.93472
141.31126
142.76031
144.25268
145.94632
147.86129
150.59024
154.54662
158.90323
140.00473
141.38241
142.79867
144.30921
145.96494
147.8816
150.46479
154.5942
160.09232
140.07319
141.38977
142.75988
144.17892
145.77734
147.57368
149.92242
153.5656
163.47649
-6.0103907
-51.812961
-61.465726
11.810084
56.14224
71.644191
84.450794
90.379358
93.980259
-4.4371161
-51.265876
-62.484384
8.2660926
53.123325
71.64178
83.955533
90.421359
93.361545
-3.2983356
-51.323502
-63.017195
5.5206471
51.443205
71.828031
84.021152
90.994633
93.289468
-2.1712243
-51.276524
-63.362116
3.6993856
51.181036
72.344288
84.928569
91.807982
93.311668
-1.0368294
-51.270253
-63.635873
2.3926712
51.281358
72.659576
86.260227
92.281951
93.572796
0.023319219
-50.928359
-63.81737
1.4537792
51.462677
72.815822
87.973241
92.333939
94.304239
0.98160421
-50.572522
-63.824039
0.91077698
51.796296
72.968339
89.861355
92.122879
95.544656
1.9820909
-49.750246
-63.500799
1.027029
52.341416
73.62009
91.576803
91.742001
97.14873
3.5414536
-48.554814
-62.697858
1.9246554
53.115116
74.836418
93.053752
91.442153
98.916787
105.314
98.08519
103.3893
87.436555
61.173359
17.267685
-53.05742
-36.457241
5.9103351
105.03211
97.729105
103.14024
86.885473
60.835089
16.786251
-53.384445
-36.857635
5.8393384
104.47501
97.151654
102.62395
85.859855
60.205981
15.763391
-53.837829
-37.711148
5.6881054
103.95504
96.364558
101.82811
84.494873
59.301096
14.36891
-54.520241
-38.983342
5.462107
103.33833
95.404999
100.78997
82.901227
58.279117
12.664397
-55.253428
-40.584501
5.246706
102.69908
94.341509
99.476658
81.169585
57.19429
10.65085
-55.915428
-42.738344
4.8997965
102.06171
93.255103
97.967592
79.410065
56.113066
8.3065572
-57.590424
-44.585723
4.5238172
101.57935
91.904085
96.393463
77.772921
55.069348
5.7474303
-59.757438
-45.937054
4.1315835
100.59715
91.300452
94.707041
76.271225
54.095356
3.6394407
-61.495368
-47.337475
3.7659574
98.917161
97.149034
95.544993
94.304626
93.573185
93.312046
93.289803
93.36181
93.980438
91.442368
91.742269
92.123091
92.334125
92.282156
91.808191
90.994878
90.421579
90.379586
93.055218
91.57829
89.862567
87.973996
86.260799
84.929042
84.021551
83.955822
84.451143
74.835569
73.619129
72.967654
72.815493
72.659318
72.344092
71.827846
71.641643
71.64406
53.117487
52.34352
51.798115
51.464251
51.282764
51.182291
51.444426
53.124589
56.143403
1.9181267
1.0214005
0.90590164
1.4495105
2.3888999
3.6960243
5.5176116
8.2635158
11.808276
-62.709348
-63.512573
-63.835971
-63.829529
-63.64828
-63.374551
-63.029588
-62.496566
-61.477554
-48.564862
-49.760092
-50.582087
-50.937615
-51.279496
-51.285622
-51.332723
-51.274928
-51.82192
3.5394087
1.9793014
0.97826725
0.019673786
-1.040725
-2.1753139
-3.3026108
-4.4415359
-6.0150634
)
;

boundaryField
{
    back
    {
        type            empty;
    }
    inlet
    {
        type            zeroGradient;
    }
    front
    {
        type            empty;
    }
    top
    {
        type            zeroGradient;
    }
    outlet
    {
        type            fixedValue;
        value           uniform 100;
    }
    bottom
    {
        type            zeroGradient;
    }
    wall
    {
        type            zeroGradient;
    }
}


// ************************************************************************* //
