/*--------------------------------*- C++ -*----------------------------------*\
  =========                 |
  \\      /  F ield         | OpenFOAM: The Open Source CFD Toolbox
   \\    /   O peration     | Website:  https://openfoam.org
    \\  /    A nd           | Version:  11
     \\/     M anipulation  |
\*---------------------------------------------------------------------------*/
FoamFile
{
    format      ascii;
    class       volScalarField;
    location    "13.9";
    object      p;
}
// * * * * * * * * * * * * * * * * * * * * * * * * * * * * * * * * * * * * * //

dimensions      [0 2 -2 0 0 0 0];

internalField   nonuniform List<scalar> 
4455
(
141.93985
142.03825
142.23382
142.54969
142.96364
143.54399
144.2161
145.50708
145.87714
141.88917
142.00006
142.21394
142.54153
142.9918
143.60377
144.41005
145.69258
146.59266
141.78614
141.92052
142.15692
142.50464
142.97522
143.61985
144.45509
145.83931
146.83129
141.63535
141.8021
142.06506
142.4342
142.92099
143.60479
144.49436
145.97812
147.19105
141.44647
141.64847
141.9402
142.33055
142.83614
143.55768
144.5228
146.12013
147.6362
141.22702
141.46559
141.78568
142.19509
142.72388
143.48685
144.51934
146.25787
148.064
140.98483
141.25927
141.60586
142.03129
142.57976
143.38271
144.48058
146.38525
148.51842
140.72982
141.03492
141.405
141.84402
142.40977
143.24993
144.40288
146.48744
148.9769
140.47061
140.79881
141.1868
141.63774
142.21738
143.09417
144.30178
146.5659
149.45364
140.21425
139.96802
139.74019
139.53493
139.355
139.20275
139.08085
138.99149
138.93869
140.5563
140.3117
140.07209
139.84207
139.6263
139.42865
139.25229
139.09969
138.97045
140.95396
140.70862
140.45947
140.21055
139.96577
139.72899
139.50274
139.28954
139.08846
141.41056
141.16178
140.90366
140.63952
140.37088
140.10148
139.83468
139.57436
139.31647
142.00056
141.75492
141.49619
141.22648
140.94454
140.65488
140.36266
140.0764
139.78974
142.9134
142.69349
142.44844
142.18077
141.885
141.56973
141.2377
140.90125
140.55857
144.18239
144.03431
143.85823
143.64251
143.36121
143.03364
142.67067
142.2949
141.91263
146.64587
146.62433
146.48145
146.22788
145.86802
145.43992
144.96427
144.45475
143.90466
150.07071
150.53456
150.42922
149.86826
149.03856
148.08478
147.08539
146.07136
145.05251
138.9333
138.91384
138.87129
138.81626
138.74527
138.66395
138.56259
138.4491
138.31225
138.89187
138.81708
138.72483
138.61525
138.48778
138.34339
138.18101
138.00059
137.80013
138.95615
138.85574
138.75111
138.637
138.50939
138.36626
138.20624
138.02892
137.83343
139.12818
138.99887
138.87619
138.74659
138.60187
138.43896
138.25637
138.05421
137.83247
139.56871
139.43221
139.31695
139.19756
139.05991
138.90046
138.7187
138.51635
138.2953
140.27763
140.10997
139.9742
139.83218
139.66727
139.47555
139.25724
139.01733
138.76223
141.60045
141.41492
141.26351
141.09259
140.88789
140.65054
140.38596
140.10216
139.81058
143.3947
142.94561
142.49469
142.02253
141.52535
141.0071
140.47796
139.95154
139.45664
144.14646
143.33419
142.52346
141.73057
140.96234
140.21532
139.50324
138.83495
138.23692
137.82655
137.43618
137.31988
137.54737
138.07977
138.80729
139.61757
140.47577
141.36708
139.03988
138.6943
138.41061
138.19736
138.05816
137.99732
138.01571
138.14473
138.33811
139.53369
139.27967
139.03772
138.81344
138.61041
138.43253
138.28129
138.15883
138.06587
138.50222
138.24789
137.99108
137.73292
137.47419
137.21605
136.95936
136.70603
136.45698
138.06338
137.82652
137.57893
137.3209
137.05169
136.77152
136.47977
136.1772
135.86349
137.59521
137.34453
137.07648
136.7913
136.48864
136.16824
135.82918
135.47131
135.09351
137.62176
137.39391
137.14663
136.87926
136.5909
136.28068
135.94724
135.58965
135.2062
137.58049
137.34006
137.0786
136.79568
136.49148
136.16303
135.80966
135.4276
135.01653
138.1392
137.92946
137.70802
137.47319
137.22326
136.94825
136.64581
136.30981
135.94088
135.5359
135.09516
134.6143
134.09407
133.52749
132.91548
132.24927
131.52974
130.74626
134.57335
134.0985
133.58828
133.04289
132.45757
131.83265
131.16192
130.44508
129.67406
134.79617
134.35749
133.88947
133.3892
132.85599
132.28572
131.67739
131.02529
130.32822
134.69591
134.27701
133.83701
133.37341
132.88631
132.37155
131.82894
131.25222
130.64078
135.53967
135.20493
134.86031
134.50342
134.13505
133.75032
133.34959
132.92522
132.47719
136.21434
135.97848
135.75074
135.52914
135.31434
135.10029
134.88672
134.66362
134.43033
138.00427
137.9728
137.97228
137.99758
138.04842
138.11518
138.19702
138.28237
138.36933
138.60616
138.93365
139.31982
139.75441
140.23511
140.75258
141.30392
141.87853
142.47295
142.28464
143.223
144.18566
145.17087
146.18807
147.23255
148.31241
149.42078
150.55642
151.71146
143.07302
138.44433
134.17379
131.99517
129.98604
129.57884
128.84943
129.89997
152.88739
143.67425
138.50321
133.89301
131.47885
129.28706
128.77578
127.96166
128.97782
154.07479
144.25521
138.53439
133.57195
130.91525
128.53284
127.90982
127.01073
127.98121
155.26869
144.80991
138.52905
133.20801
130.30369
127.72206
126.9793
125.98467
126.89471
156.44307
145.30564
138.46964
132.78111
129.62845
126.84138
125.97336
124.88424
125.72
157.58518
145.73438
138.34276
132.28602
128.88821
125.88928
124.89022
123.69411
124.44114
158.59466
146.04765
138.12573
131.7081
128.06437
124.85079
123.71704
122.41364
123.06069
159.43314
146.23451
137.79923
131.03575
127.15269
123.7247
122.45094
121.03417
121.57027
159.87552
146.19076
137.32262
130.24554
126.13095
122.49521
121.07366
119.5552
119.98319
118.31049
117.96569
119.56069
121.13792
124.94916
129.28422
136.62012
145.85783
159.83404
116.60948
116.25631
117.88107
119.62541
123.5274
128.02844
135.41166
144.54579
156.96591
114.66603
114.41078
116.04683
117.95187
121.88327
126.49399
133.79786
142.77906
154.46383
112.45999
112.41531
114.05768
116.11836
120.04602
124.7493
131.96906
140.85677
152.19523
109.96384
110.25335
111.91228
114.12674
118.05765
122.86106
130.01781
138.86044
149.87768
107.31493
107.92893
109.60725
111.98794
115.92754
120.84075
127.95539
136.75035
147.44426
104.4791
105.43595
107.13776
109.69354
113.65439
118.67681
125.75951
134.51252
144.91551
101.49241
102.78211
104.49807
107.24666
111.22918
116.35758
123.41772
132.12513
142.38169
98.279743
99.962998
101.6787
104.63418
108.64259
113.87356
120.9191
129.61298
139.82299
137.23396
126.95918
118.26866
111.22282
105.88556
101.86941
98.676491
96.979927
94.87593
134.60129
124.19018
115.46715
108.40521
102.95343
98.940433
95.478527
93.824208
91.231315
131.92664
121.28066
112.52053
105.4326
99.84684
95.852025
92.103797
90.500076
87.395121
129.19
118.24762
109.42712
102.30404
96.566446
92.589765
88.535736
86.993299
83.327669
126.39477
115.05686
106.19212
99.020796
93.119184
89.161238
84.804471
83.320721
79.079019
123.50486
111.73036
102.81227
95.582362
89.508127
85.559907
80.889889
79.467996
74.612212
120.51696
108.22919
99.298689
91.986435
85.743072
81.802677
76.829683
75.460996
69.986114
117.39664
104.58958
95.649422
88.234134
81.827808
77.872478
72.604739
71.284654
65.176353
114.14272
100.76423
91.871129
84.325859
77.772147
73.795998
68.265806
66.970363
60.293404
55.423371
62.471968
63.746825
69.459989
73.463001
80.10766
87.761891
96.51574
110.38441
50.64958
57.799692
59.098132
64.861459
68.867684
75.503917
83.251046
91.602664
105.83384
45.723615
53.000718
54.35716
60.08731
64.140241
70.710692
78.585881
86.595203
100.86127
40.711333
48.11972
49.596028
55.189222
59.303487
65.781624
73.834966
81.48061
95.509546
35.583367
43.153631
44.79873
50.196881
54.38624
60.748074
69.022235
76.443624
89.603519
30.570266
38.158541
40.011782
45.175214
49.398358
55.627022
64.186323
71.482555
82.989601
25.685208
33.17095
35.228636
40.153333
44.372523
50.416318
59.33356
66.926134
75.317933
21.127787
28.275174
30.515015
35.190887
39.35069
45.127788
54.464689
62.886962
66.447143
16.103089
23.543973
25.883374
30.316425
34.41246
39.806363
49.591747
59.798935
56.819199
11.224448
19.034605
21.336788
25.54636
29.495226
34.436109
44.196616
57.940692
50.044097
7.272521
14.846897
16.946962
20.937233
24.920683
29.789439
39.996347
57.35443
47.073058
4.1505787
10.86115
12.813275
16.51955
20.640998
25.805668
37.139327
56.235585
49.498899
1.451542
7.0800154
8.9337787
12.019334
16.316406
21.445205
34.453537
54.179955
60.19871
-0.90137366
3.475036
5.2630998
7.3263027
11.780273
16.589329
31.711257
50.143033
56.281355
-2.8555159
0.066254719
1.8293447
2.4174945
7.0583949
11.365537
28.593443
47.608477
53.681341
-4.3290676
-3.1679677
-1.3779431
-2.6036106
2.1481673
5.8984795
25.768038
47.798455
53.533579
-5.2740694
-6.2126836
-4.336794
-7.6625885
-2.9627151
0.45907607
23.50584
44.409569
51.241106
-5.6887866
-9.0202217
-7.1022489
-12.648768
-8.3073768
-5.5830772
21.575829
42.790367
50.80405
50.52973
41.940993
20.053393
-10.266216
-13.468654
-17.265047
-9.5278166
-11.426716
-5.5886813
50.341369
41.50428
16.846659
-14.971442
-18.353153
-21.406504
-11.678454
-13.3784
-5.0516245
49.92467
40.17201
13.653415
-19.670437
-23.381333
-25.344495
-13.515558
-14.867834
-4.068654
49.26337
38.203277
10.195228
-24.28023
-28.483564
-29.058442
-15.087703
-15.918769
-2.5821575
48.458949
36.657674
6.3988145
-28.820695
-33.611734
-32.517534
-16.335469
-16.519014
-0.67416054
47.544025
35.036058
2.4362553
-33.189467
-38.684319
-35.688807
-17.325257
-16.685354
1.6574588
46.704823
33.658222
-1.168464
-37.600356
-43.696978
-38.512262
-17.991086
-16.387957
4.3220262
45.400105
32.173072
-4.4435177
-41.951586
-48.51454
-40.912952
-18.382857
-15.616579
7.3094882
44.658291
31.583165
-7.3598224
-46.874824
-53.938535
-42.846462
-18.440121
-14.295192
10.874712
43.89217
28.325823
-12.557528
-54.363779
-61.229578
-44.809404
-17.87476
-11.069946
17.404974
41.82661
20.364616
-30.555419
-70.529244
-70.189307
-44.809738
-14.716057
-4.3478905
27.046284
40.17675
11.992726
-40.07854
-84.568177
-75.998651
-42.045237
-9.5057738
4.3756682
37.182088
39.201894
2.4311357
-58.046252
-98.168734
-78.629731
-36.497572
-2.3263887
14.572591
47.182332
36.130805
-7.4073385
-68.506072
-109.46292
-77.687188
-28.704204
5.7703054
25.494395
56.648581
31.4188
-17.30376
-85.404451
-119.47674
-73.557705
-18.809132
14.707354
36.779218
64.943433
26.122281
-26.961208
-95.122641
-125.6926
-66.263381
-7.6998144
23.713675
47.83281
72.038863
20.662777
-36.425896
-109.94219
-128.74342
-56.405012
4.3371476
32.750834
58.473475
77.714714
15.329142
-47.363412
-117.57142
-124.55661
-44.05416
15.935494
41.151416
68.073203
81.967647
21.84297
-29.645804
-110.44985
-128.02078
-48.834034
28.547134
56.48374
83.463904
109.98163
21.812866
-29.686408
-109.83221
-128.60177
-50.877023
27.263521
56.376289
81.320321
108.29405
21.633542
-29.856525
-110.46858
-129.72117
-53.242326
25.368906
55.727241
79.139928
107.01583
21.345626
-30.433816
-112.18954
-131.36452
-56.969762
22.894353
55.325245
76.742771
105.02707
21.050367
-30.923412
-114.61278
-133.11975
-60.750543
20.341973
53.975682
74.666326
103.76407
20.663191
-31.827494
-117.58972
-134.94433
-64.63894
17.926056
52.617599
72.695901
102.26005
20.283029
-32.649792
-119.93232
-139.64331
-68.074714
15.849939
50.704574
70.940799
101.29481
19.869064
-33.772897
-122.94428
-142.18348
-70.864982
14.363134
48.990655
69.566409
100.26029
19.551625
-34.996083
-125.82534
-146.47715
-74.563321
13.404596
47.111548
69.602589
98.394169
14.284306
-51.9751
-127.0544
-128.17951
-37.36534
17.586455
41.552485
68.76222
82.17978
19.89702
-40.63868
-119.05559
-133.56838
-50.948358
6.4968813
33.368286
59.205586
78.016725
25.597571
-30.460182
-103.64553
-131.28807
-62.178358
-5.2788597
24.572859
48.624792
72.436294
31.066854
-20.210088
-93.341661
-125.76695
-70.842148
-16.454247
15.762314
37.660063
65.440126
35.868371
-9.6883747
-75.774976
-116.10274
-76.297117
-26.719592
6.9738474
26.452648
57.244564
38.902092
0.88330369
-64.513438
-104.96714
-78.49219
-35.0237
-1.1379947
15.589773
47.87281
39.969738
11.005511
-45.618846
-91.027395
-76.960715
-41.199957
-8.4980088
5.3597034
37.946623
41.808769
19.910864
-35.419809
-76.661345
-72.002504
-44.569528
-13.992189
-3.4703724
27.845642
44.014063
28.189156
-16.134408
-59.735862
-63.598027
-45.115766
-17.489294
-10.388344
18.177717
-5.5800038
-11.898675
-10.267857
-18.73243
-15.653793
-13.600223
18.679293
42.736095
51.140445
-4.9430438
-13.742916
-12.341148
-22.846166
-20.640144
-18.511422
15.263123
42.129346
50.897729
-3.8527267
-15.114179
-14.084766
-26.729055
-25.756238
-23.431846
11.832913
40.610388
50.351723
-2.2624032
-16.042957
-15.552316
-30.366885
-30.928295
-28.274347
8.0864538
38.66988
49.612318
-0.26006496
-16.519246
-16.687336
-33.730188
-36.108782
-33.040263
4.0546735
37.031853
48.745612
2.1562058
-16.560548
-17.558603
-36.787926
-41.21815
-37.624965
-0.11222442
35.364005
47.764552
4.89455
-16.138116
-18.100713
-39.478016
-46.244891
-42.278153
-3.905724
33.925075
46.929414
7.9445994
-15.243424
-18.361973
-41.725836
-51.053883
-46.842418
-7.4193066
32.400144
45.532888
11.566916
-13.801872
-18.287692
-43.479551
-56.471674
-51.994343
-10.53611
31.790425
44.737909
51.456455
43.40991
20.426449
-8.682509
-10.371068
-14.120158
-7.9044331
-9.5856068
-5.7687529
51.893817
44.874322
22.477774
-2.3682995
-4.8988233
-9.118883
-5.1932702
-6.8526641
-5.4585746
54.231645
48.233242
24.846976
3.3298952
0.32702629
-4.0323788
-2.2844163
-3.8664676
-4.6244756
54.441776
47.943652
27.710811
9.0467204
5.3441224
1.0288294
0.8779088
-0.68221652
-3.2578477
56.793764
50.330211
30.825035
14.50972
10.166173
5.9882019
4.2760012
2.6815769
-1.3999922
60.820022
54.2771
33.599726
19.595162
14.798491
10.739471
7.9248959
6.2474082
0.86972541
50.256514
56.209424
36.298291
24.161607
19.217384
15.292507
11.801274
10.000191
3.4981107
47.750787
57.188235
39.11607
28.29397
23.590375
19.76373
15.942537
13.965724
6.5638369
50.621674
57.706067
43.340379
33.099378
28.258315
24.422055
20.344008
18.141466
10.469924
54.745608
61.826307
63.128546
68.884812
72.997041
79.802433
87.685671
96.560963
110.43148
49.934567
57.108548
58.428243
64.227228
68.336671
75.144569
83.155169
91.658986
105.9093
44.974047
52.26404
53.634133
59.390405
63.534289
70.284205
78.458185
86.663914
100.97508
39.935232
47.3403
48.818986
54.425713
58.617087
65.273521
73.659289
81.55479
95.654204
34.783594
42.33446
43.969287
49.365967
53.611349
60.142432
68.783443
76.515314
89.789421
29.754663
37.306066
39.134965
44.276502
48.530492
54.908206
63.869186
71.536372
83.232184
24.860401
32.292271
34.310845
39.188248
43.407937
49.566661
58.91767
66.94216
75.637232
20.307825
27.380105
29.563421
34.165648
38.290895
44.131133
53.923504
62.839057
66.851756
15.31203
22.644035
24.906901
29.237598
33.263388
38.64695
48.900918
59.663394
57.30127
114.16443
100.79163
91.802776
84.061216
77.359835
73.273872
67.695638
66.369642
59.656762
117.39967
104.60447
95.58494
88.000527
81.460163
77.398102
72.079333
70.726983
64.580573
120.50612
108.23047
99.235982
91.777381
85.412784
81.370499
76.345933
74.94424
69.431733
123.4815
111.72013
102.74986
95.393155
89.209367
85.16537
80.444456
78.988969
74.097444
126.36229
115.03539
106.12735
98.847824
92.847735
88.800207
84.393977
82.877118
78.602701
129.14965
118.21614
109.35959
102.14441
96.317955
92.258848
88.157143
86.581856
82.886955
131.8805
121.24027
112.44897
105.28412
99.617978
95.547378
91.754067
90.119227
86.98816
134.54979
124.14221
115.39257
108.26431
102.74067
98.658424
95.154762
93.470769
90.854899
137.1783
126.90444
118.19117
111.08502
105.68586
101.60738
98.375849
96.651245
94.527976
118.11906
117.7736
119.38311
120.97218
124.80942
129.16536
136.52896
145.77665
159.76998
116.40715
116.05405
117.69459
119.4538
123.38411
127.90889
135.32143
144.46517
156.90102
114.45092
114.1978
115.85007
117.77354
121.73556
126.37343
133.70839
142.70031
154.39842
112.23207
112.19059
113.8495
115.93184
119.8931
124.62735
131.8804
140.7795
152.12998
109.72062
110.01557
111.69202
113.93129
117.89924
122.73754
129.93024
138.78547
149.81263
107.05533
107.67677
109.37436
111.78223
115.763
120.71521
127.86911
136.67792
147.38021
104.20028
105.16737
106.89109
109.47659
113.48295
118.54893
125.675
134.44349
144.85224
101.19317
102.49529
104.23573
107.01673
111.04974
116.22681
123.3353
132.05982
142.32034
97.957037
99.656211
101.39862
104.38977
108.45392
113.7396
120.83916
129.55261
139.76397
119.8021
121.39796
122.89656
124.28429
125.56983
126.75062
127.84277
128.8446
129.77162
119.37249
120.86002
122.24686
123.533
124.72894
125.83493
126.86623
127.82206
128.71443
120.90269
122.28524
123.55691
124.73553
125.8238
126.83456
127.76957
128.63976
129.4468
122.33439
123.56846
124.69872
125.74112
126.69686
127.581
128.39504
129.1524
129.85437
125.99356
127.01738
127.93098
128.75667
129.49866
130.17562
130.78887
131.35416
131.87215
130.12676
130.91706
131.58947
132.16751
132.6628
133.08994
133.45415
133.77556
134.05673
137.22977
137.70474
138.02966
138.24522
138.37074
138.4289
138.43308
138.40083
138.34098
146.10783
146.14979
145.96116
145.64613
145.21562
144.71815
144.16172
143.57904
142.97613
159.81065
159.36682
158.52675
157.51547
156.37134
155.19477
153.99859
152.80888
151.63074
130.62244
129.54338
130.19996
130.51202
132.35586
134.31374
138.26514
142.37437
150.47359
131.41019
130.31848
130.9006
131.12626
132.80558
134.54758
138.17748
141.77831
149.33593
132.13371
131.03918
131.55613
131.70574
133.23165
134.77132
138.09154
141.20209
148.22558
132.8037
131.71359
132.16772
132.25104
133.63411
134.98561
138.00922
140.6492
147.14347
133.41926
132.342
132.74114
132.76844
134.02061
135.20048
137.94209
140.13026
146.09637
133.9892
132.93066
133.27737
133.25815
134.39077
135.41618
137.89101
139.64816
145.07667
134.51261
133.47925
133.78055
133.72432
134.74949
135.6388
137.86559
139.21226
144.08904
134.99649
133.99253
134.25138
134.16685
135.09598
135.86764
137.8661
138.82488
143.12396
135.44007
134.47032
134.69279
134.58827
135.43263
136.10473
137.89769
138.49625
142.18318
138.0625
137.4989
137.53903
137.50878
137.97494
138.40844
139.43566
138.92937
137.70877
137.85103
137.25651
137.30922
137.25595
137.73596
138.15211
139.18001
138.58263
137.31989
137.62781
136.99299
137.05989
136.98567
137.48623
137.8933
138.93652
138.29796
137.20454
137.39116
136.7079
136.79038
136.69819
137.22608
137.63316
138.71092
138.08414
137.43305
137.13933
136.40143
136.49981
136.39318
136.95475
137.37253
138.50678
137.94482
137.96689
136.86226
136.07061
136.1873
136.0704
136.67248
137.11256
138.32797
137.88423
138.6964
136.55761
135.71476
135.85149
135.72892
136.37867
136.85416
138.17598
137.90292
139.50894
136.21923
135.33011
135.49144
135.36861
136.07409
136.59923
138.05293
138.03276
140.3695
135.84776
134.91633
135.10545
134.98835
135.75839
136.34871
137.95955
138.22717
141.26321
138.11805
139.34691
139.71433
138.67051
138.20901
137.74813
137.7526
137.72036
138.23709
138.71599
139.84274
140.00789
138.92777
138.43226
137.97192
137.94993
137.92251
138.37518
139.38469
140.37027
140.29379
139.16988
138.63677
138.17605
138.129
138.1045
138.48973
140.09726
140.90071
140.56068
139.39039
138.82069
138.36056
138.29067
138.26832
138.59206
140.84475
141.42057
140.80055
139.58432
138.98229
138.52532
138.43538
138.414
138.67419
141.61401
141.91974
141.00796
139.75147
139.12205
138.67183
138.56445
138.54265
138.7459
142.40819
142.39433
141.18177
139.89576
139.24351
138.80316
138.6799
138.65328
138.8015
143.22075
142.848
141.33618
140.03388
139.3607
138.92746
138.78571
138.74647
138.84448
144.03506
143.29968
141.52456
140.20397
139.4989
139.05825
138.88711
138.82208
138.8641
144.94301
143.81223
141.83922
140.48768
139.72161
139.24815
139.0205
138.90155
138.86953
145.96321
144.36552
142.22421
140.83353
140.01082
139.50841
139.22332
139.0322
138.92289
146.97904
144.87836
142.6029
141.17303
140.29962
139.77116
139.43852
139.18647
139.01319
147.98102
145.35783
142.96938
141.50824
140.59458
140.04056
139.66706
139.36476
139.13636
148.93777
145.79035
143.30116
141.82683
140.88721
140.3128
139.90641
139.56465
139.29023
149.77219
146.1555
143.58721
142.12613
141.17231
140.58451
140.15404
139.78298
139.47219
150.34244
146.41561
143.80803
142.39756
141.44547
140.85193
140.40604
140.01589
139.67999
150.46528
146.56626
143.98902
142.64665
141.70788
141.11361
140.65859
140.25868
139.91079
150.02527
146.59602
144.14203
142.87088
141.95741
141.36621
140.90765
140.50685
140.16034
141.93658
142.03535
142.23112
142.54705
142.96113
143.54171
144.21445
145.506
145.87554
141.87902
141.99096
142.20565
142.53372
142.9845
143.5969
144.40372
145.68705
146.5886
141.76894
141.90536
142.14329
142.49191
142.96312
143.60841
144.44401
145.82997
146.82625
141.61156
141.78111
142.04618
142.4166
142.90403
143.58866
144.47889
145.96463
147.18202
141.4166
141.62187
141.91615
142.3081
142.81441
143.53686
144.50342
146.10149
147.62537
141.19149
141.43368
141.75661
142.16783
142.69752
143.46149
144.49581
146.23365
148.04904
140.94396
141.22244
141.57206
141.99942
142.54893
143.35291
144.45276
146.35523
148.49941
140.68411
140.99353
141.36676
141.80776
142.37467
143.21583
144.37084
146.45129
148.95233
140.42055
140.75325
141.14442
141.59735
142.17821
143.05592
144.26571
146.52343
149.42173
148.76601
149.46173
150.15957
150.98124
151.9229
152.93845
154.02698
155.15004
156.20992
149.46318
150.10353
150.83188
151.68515
152.64614
153.66633
154.73914
155.84153
156.87734
150.16343
150.8338
151.60073
152.47404
153.43407
154.44541
155.4999
156.58482
157.63455
150.9871
151.68985
152.47681
153.34626
154.29023
155.28461
156.32267
157.4048
158.49664
151.93293
152.65517
153.44162
154.29523
155.2113
156.18636
157.21209
158.30653
159.4661
152.95522
153.68278
154.46065
155.2975
156.19466
157.16001
158.19228
159.32649
160.55269
154.05379
154.7666
155.52764
156.34852
157.23368
158.20617
159.25461
160.45533
161.79802
155.19475
155.88756
156.63125
157.45139
158.35144
159.36678
160.48624
161.71227
163.05228
156.28175
156.95151
157.7114
158.57651
159.54876
160.63418
161.87985
163.10567
164.84474
169.40772
165.9352
164.73193
162.88262
161.53672
160.25558
159.17932
158.24673
157.48792
159.38385
160.41099
160.36402
160.29107
159.94884
159.44184
158.86371
158.19683
157.50747
155.76087
156.29897
156.42425
156.64749
156.6677
156.60927
156.48254
156.24654
155.88329
153.38584
153.69817
153.67565
153.8535
153.86759
153.89459
153.86478
153.82611
153.66735
151.61893
151.80353
151.78368
151.86417
151.83998
151.83775
151.8062
151.79561
151.72622
150.01908
150.14389
150.08934
150.17485
150.11176
150.13628
150.06675
150.05161
149.97987
148.59637
148.63728
148.59842
148.62108
148.57364
148.55748
148.51026
148.47569
148.42261
147.22618
147.21896
147.1479
147.1645
147.08168
147.07987
147.00259
146.97527
146.90552
145.92028
145.85249
145.78369
145.72921
145.65539
145.5955
145.53667
145.48354
145.42268
144.03816
142.67126
141.17791
139.45427
137.49362
134.93971
131.89062
128.21062
125.41786
144.11724
142.74148
141.22848
139.47801
137.43019
134.86223
131.681
128.09982
124.64408
144.13877
142.76226
141.20596
139.43486
137.30127
134.70213
131.41605
127.73436
123.72181
144.22027
142.80441
141.26868
139.42687
137.2979
134.5648
131.20996
127.19657
122.72963
144.24381
142.8578
141.26864
139.45951
137.24636
134.50363
130.99178
126.71729
121.778
144.34392
142.92185
141.34091
139.49516
137.27387
134.45919
130.88251
126.21607
120.91864
144.38088
142.99615
141.39202
139.58877
137.31187
134.54619
130.83146
126.02602
120.06461
144.46573
143.04859
141.45746
139.61887
137.3789
134.52736
130.84572
125.78462
121.41066
144.58188
143.18605
141.59685
139.81337
137.56425
134.85108
131.02764
126.09247
118.80138
125.96857
128.60506
131.78075
134.02913
135.54195
136.94871
138.3143
139.65948
140.94666
124.80938
127.75022
131.40473
133.77987
135.36048
136.84377
138.29166
139.67575
140.98845
123.43143
126.98995
131.10509
133.53336
135.14322
136.67521
138.17455
139.59833
140.93372
121.58944
126.16168
130.85869
133.3546
135.07187
136.67516
138.22974
139.66439
141.00702
119.27042
125.10504
130.36183
132.89513
134.7086
136.42227
138.05575
139.54264
140.91413
116.52375
124.97541
130.55762
132.96531
134.82652
136.55564
138.18525
139.65347
141.01464
110.97221
123.26907
129.91733
132.34239
134.40459
136.29106
138.00898
139.51934
140.90949
106.9394
123.7458
130.39724
132.56179
134.57682
136.44484
138.1347
139.62207
140.99484
96.309592
122.22968
129.9877
132.20117
134.35806
136.3218
138.0541
139.55119
140.94102
142.19776
143.41977
144.66783
145.94009
147.26652
148.63676
150.07686
151.59147
153.21405
142.2349
143.46755
144.71073
145.99527
147.32052
148.70778
150.15496
151.69066
153.31825
142.19911
143.44889
144.70888
146.00957
147.34752
148.74981
150.20532
151.75896
153.40139
142.26228
143.51884
144.77538
146.08275
147.41986
148.82994
150.29002
151.85731
153.50944
142.19003
143.46592
144.7413
146.06247
147.41324
148.83758
150.31459
151.90083
153.56965
142.27594
143.54461
144.81095
146.12967
147.47732
148.90332
150.37937
151.96995
153.6427
142.19366
143.48231
144.76834
146.10171
147.46114
148.89751
150.38457
151.98765
153.6717
142.26904
143.54716
144.82677
146.15367
147.51097
148.94484
150.43185
152.03464
153.72031
142.2243
143.5129
144.79753
146.13288
147.49188
148.93202
150.41997
152.02886
153.71644
154.95102
156.82809
158.84741
161.01256
163.31489
165.77001
168.31659
170.9828
172.88174
155.07977
156.96849
159.02583
161.23367
163.62245
166.17973
168.88306
171.68089
173.7357
155.18956
157.10195
159.19966
161.45252
163.92711
166.58843
169.43863
172.33138
174.58783
155.31698
157.24525
159.37812
161.66351
164.2092
166.93649
169.91197
172.9145
175.43127
155.39737
157.34527
159.5074
161.82483
164.42721
167.21701
170.32363
173.45386
176.26858
155.48091
157.43964
159.62414
161.96318
164.61387
167.45071
170.69342
173.94238
177.09385
155.52539
157.49442
159.69955
162.05463
164.74696
167.61568
170.98442
174.35646
177.91416
155.57721
157.54898
159.76539
162.12792
164.85148
167.73695
171.22339
174.67319
178.87654
155.57912
157.55729
159.77869
162.15332
164.88322
167.79678
171.33591
174.87453
179.0145
173.90243
166.58256
163.83868
160.70948
157.49457
154.41483
151.45976
148.59351
145.78473
175.06697
167.39544
164.56391
161.29505
158.00677
154.84477
151.87614
148.95848
146.13944
176.14414
168.13078
165.23012
161.88675
158.5268
155.30954
152.31226
149.37186
146.53842
177.24715
168.80675
165.81566
162.35967
158.98724
155.69428
152.6995
149.7019
146.88103
178.40624
169.64898
166.52143
162.97046
159.54266
156.2295
153.18971
150.19432
147.34029
179.55663
170.22304
166.99375
163.34919
159.92344
156.51672
153.48354
150.41716
147.58027
180.96852
171.28941
167.73471
164.04645
160.56007
157.13606
154.05955
150.9912
148.13624
181.70551
171.56597
167.95285
164.21329
160.73564
157.25681
154.18347
151.0814
148.23149
184.14971
173.19717
168.91561
165.06592
161.5439
158.01211
154.89426
151.76138
148.89604
142.97495
140.16611
137.33005
134.47393
131.57783
128.6436
125.6518
122.59595
119.464
143.28924
140.4873
137.62303
134.78004
131.86046
128.939
125.92452
122.88089
119.72645
143.68921
140.88441
138.02743
135.18454
132.27445
129.35747
126.3572
123.32701
120.19136
143.98377
141.20105
138.3086
135.48913
132.55482
129.6567
126.64136
123.62427
120.48506
144.45425
141.64988
138.76923
135.94129
133.01074
130.12139
127.09926
124.11098
120.94963
144.64806
141.8668
138.95848
136.14815
133.20691
130.32429
127.30801
124.31136
121.18488
145.20346
142.41857
139.5067
136.70906
133.75503
130.89901
127.8602
124.91382
121.72732
145.28064
142.50092
139.58434
136.78493
133.83825
130.97243
127.95356
124.98299
121.85613
145.92852
143.14997
140.22325
137.43805
134.48114
131.6392
128.60863
125.67843
122.50635
115.87818
111.75254
107.59801
103.26192
98.953018
94.806199
90.842281
85.135147
77.958387
116.20115
112.15138
108.11082
103.87569
99.686463
95.681957
92.151979
87.191319
80.848217
116.70694
112.73581
108.81595
104.65408
100.6468
96.65038
93.42604
88.510405
83.335327
117.07923
113.22544
109.38065
105.33602
101.37456
97.507454
94.57619
91.595563
85.798454
117.60199
113.78631
110.11217
106.10209
102.30326
98.326694
95.737289
91.558739
93.475447
117.89053
114.25028
110.5611
106.73977
102.82314
98.992086
95.723271
95.579065
94.574228
118.52869
114.91768
111.48922
107.68565
104.01708
100.04375
97.017356
91.711135
114.66113
118.66576
115.21494
111.69739
108.10852
104.30134
100.43918
96.012024
94.086976
104.48619
119.44094
116.1088
112.86651
109.38958
105.94533
102.20376
99.797924
83.189754
141.29969
60.522964
48.242662
51.002878
47.889304
46.210209
50.211557
51.44645
51.71045
50.774118
61.773029
47.696966
51.195502
48.511267
49.02876
50.655917
51.664233
51.831311
50.866104
62.180485
47.000002
51.577204
48.43243
48.379399
50.746779
51.784754
51.889297
50.966177
60.674603
45.888896
52.346492
48.427637
49.850221
50.998833
51.870098
52.019991
51.061102
56.43932
44.637883
52.43067
48.669668
49.783829
51.256992
51.981345
52.127297
51.176263
51.283342
44.651311
53.674983
48.184654
50.350995
51.544947
52.026195
52.254155
51.279428
53.363487
56.003758
51.39949
48.857791
50.686169
51.709793
52.129631
52.354149
51.372992
52.813871
41.025381
52.384932
48.272298
50.953029
51.873801
52.156006
52.43544
51.440572
-18.574335
63.441667
49.737774
48.868526
51.638843
51.987225
52.240287
52.476461
51.465396
49.294819
47.799224
45.765308
43.422227
40.844405
36.706916
32.877809
22.37778
27.411882
49.543192
48.056939
45.964187
43.583899
40.606781
35.88208
31.728728
22.365074
28.962831
49.631918
48.015038
45.890411
43.304028
40.012493
34.784712
29.826532
22.828747
28.999029
49.717238
48.07757
45.826552
43.105813
39.477271
33.965182
28.626854
22.884596
31.19265
49.844299
48.124614
45.757171
42.89932
38.945782
33.339598
28.113734
25.066448
33.45655
49.915867
48.166734
45.686671
42.652758
38.478615
32.918497
28.316095
27.275691
35.777282
50.007122
48.165779
45.527383
42.307501
37.959493
32.451051
28.763042
29.870718
38.852286
50.043701
48.175223
45.449389
42.099347
37.636433
32.522545
28.98145
31.62675
39.996554
50.054125
48.041875
45.116141
41.491456
36.809075
31.835117
29.699905
34.532655
43.328254
29.415989
29.112503
30.186564
33.340403
36.86783
40.377866
39.235751
36.399808
33.164488
30.170042
28.739788
28.474072
32.12887
36.302748
40.334142
40.414089
38.562269
36.853876
30.920919
29.2585
28.952593
31.888828
35.745183
39.745575
40.904312
40.449344
40.009565
32.428444
28.83318
28.006473
30.787986
35.648055
38.802236
40.634065
42.1238
41.310266
34.753152
29.457585
29.819285
31.189859
35.575506
38.395015
39.753493
41.786533
41.513765
37.94184
29.481371
28.832098
29.860106
34.459476
38.849989
38.273538
39.558862
43.438928
41.143202
31.227232
31.242666
30.48425
33.73662
39.190489
37.514314
38.806891
47.424428
44.098803
31.52023
30.465009
29.665063
32.368662
38.679546
41.889569
31.720428
51.407531
48.069196
35.733703
32.486942
30.271248
31.01542
36.141984
37.896071
45.236828
-29.153776
30.686533
32.819583
36.12642
40.303308
45.106817
50.423436
56.212842
62.765346
70.01044
31.345301
35.016571
38.971114
43.474005
48.474089
54.026902
59.984468
66.615324
73.464571
32.802632
38.802593
43.203892
47.852278
52.995019
58.574491
64.565688
70.9287
76.9908
35.059075
42.676149
47.468824
52.49822
57.870475
63.530507
69.450399
75.264917
80.54445
38.78669
47.231433
52.084454
57.465778
63.075736
68.814214
74.521393
79.641087
84.034303
45.145232
51.492759
57.079879
62.756962
68.510166
74.066559
79.172181
83.513431
86.989897
52.979122
57.525893
62.536778
67.740747
73.119421
78.161211
82.647977
86.331105
89.17574
60.189426
61.21067
65.182649
70.182154
75.780831
80.686773
84.927056
88.082754
90.646012
41.475942
49.267225
60.980908
70.088317
77.103458
82.370536
86.227772
89.211748
91.339608
92.96583
94.078691
94.892288
95.381664
95.705087
95.825606
95.789558
95.684164
95.433598
92.270979
93.479058
94.276403
94.844629
95.162288
95.343902
95.380829
95.277699
95.082032
91.100755
92.355053
93.2797
93.891946
94.389159
94.610665
94.685966
94.783604
94.663491
89.183428
90.66606
91.78855
92.538669
93.124926
93.514137
93.702753
93.905164
93.964267
86.695832
88.303972
89.730854
90.750748
91.401587
91.975194
92.302128
92.555367
92.668676
83.994127
85.803848
87.345294
88.662575
89.412583
90.069707
90.523943
90.793468
90.924852
81.301869
83.316411
84.89315
86.276571
87.19728
87.876903
88.375221
88.685949
88.804811
78.373236
80.553759
81.979649
83.213171
84.175882
84.871446
85.366056
85.693149
85.798081
74.987397
77.125945
78.299096
79.285968
80.089516
80.716119
81.17433
81.462236
81.548854
95.159859
94.882995
94.647091
93.939222
92.653499
90.940421
88.855042
85.856359
81.559785
95.023516
94.893413
94.634949
93.975158
92.728342
90.948869
88.82928
85.770286
81.413842
94.810418
94.709865
94.543411
93.774039
92.376211
90.642789
88.495903
85.398539
80.990777
94.557766
94.487755
94.148108
93.393662
92.062349
90.205761
87.98362
84.788997
80.428233
94.204545
94.14899
93.870452
93.014488
91.437855
89.407585
87.110006
83.907847
79.686878
93.743545
93.70763
93.282389
92.202173
90.491419
88.393526
86.014123
82.841666
78.795005
93.144624
93.009718
92.470568
91.264037
89.324757
87.030732
84.556835
81.533552
77.749398
92.249783
92.132226
91.412269
89.965564
87.751024
85.316585
82.87606
80.048998
76.494631
91.080158
90.791268
89.974734
88.309363
85.906186
83.375267
80.941718
78.02468
74.561399
69.945662
62.790381
56.066383
50.211672
44.852061
39.957176
35.672728
32.305585
30.138092
73.441274
66.661824
59.763525
53.702494
48.142649
43.14199
38.652768
34.731818
30.917506
76.746373
70.81852
64.488248
58.436466
52.769017
47.555048
42.806374
38.36586
32.436445
80.07179
74.880729
69.290296
63.441878
57.721815
52.298042
47.246988
42.465735
34.679854
83.188397
78.9707
73.956337
68.506033
62.849642
57.296018
51.968858
47.079811
39.118428
85.901859
82.377988
78.124037
73.211053
67.934705
62.387064
56.873178
51.405304
45.670953
87.90147
84.880027
81.198083
76.807597
72.003623
66.86428
61.959409
57.301247
53.071266
89.094401
86.443983
83.188906
79.009565
74.207899
68.814633
64.018912
60.412604
59.771621
89.395849
87.242671
84.229061
80.358278
75.154958
68.236087
59.334504
47.95129
40.754811
-28.860847
45.141787
37.433641
35.449907
30.306764
29.622341
31.984474
35.459922
48.312826
50.660467
31.631393
41.673839
38.049568
31.617042
28.935275
29.851885
31.051819
44.242032
47.008798
38.471445
37.268713
38.712768
33.0287
29.778532
30.614893
30.665906
41.144022
43.458952
39.103063
37.842149
38.362504
33.738842
29.075149
28.114884
28.856151
37.842636
41.599778
41.436456
39.260791
37.927607
34.901853
30.439755
29.065177
28.726351
34.450133
40.97328
41.966791
40.224665
38.212155
34.971662
29.991022
27.193696
28.086979
31.978673
39.864099
40.340096
40.588277
39.117157
35.134318
31.162249
28.106067
28.463789
30.272631
36.929375
38.39819
40.187369
39.812931
35.523137
31.401466
27.526415
27.990553
29.322352
33.203277
36.178048
39.06062
39.855668
35.968681
32.781709
29.128065
28.381811
28.419396
27.052558
21.777117
32.675782
36.529654
40.77092
43.542451
45.675016
47.484822
49.185131
28.681948
21.793713
31.40043
35.658119
40.438929
43.654314
45.912314
47.80876
49.417572
28.649836
22.269787
29.443562
34.549915
39.794653
43.342705
45.885186
47.784986
49.495913
30.91422
22.398405
28.244564
33.727726
39.232077
43.127566
45.835177
47.843614
49.551578
33.283191
24.748481
27.761528
33.084546
38.693243
42.894749
45.7631
47.882682
49.669209
35.672673
26.973889
28.066058
32.654232
38.229491
42.63503
45.668683
47.910314
49.733226
38.796899
29.693469
28.512522
32.204107
37.689427
42.282868
45.493506
47.891923
49.825355
39.961971
31.459262
28.760475
32.28115
37.365997
42.062306
45.394866
47.883036
49.872825
43.375212
34.431027
29.502724
31.60212
36.516307
41.440001
45.06155
47.748891
49.889484
50.985888
52.150142
51.974003
50.907418
46.657673
48.521467
51.516211
48.764102
60.985745
51.040481
52.287201
52.188355
51.311425
49.54918
49.108089
51.705162
48.201777
62.21962
51.105167
52.338234
52.305113
51.384724
48.965074
49.010644
52.095399
47.492828
62.610039
51.192834
52.457319
52.378733
51.608988
50.457264
49.007516
52.841262
46.391846
61.100365
51.293845
52.557976
52.484454
51.863197
50.439693
49.249247
52.957482
45.186305
56.882587
51.393636
52.67691
52.518798
52.161346
50.984847
48.816088
54.197359
45.183275
51.729371
51.480773
52.768219
52.605452
52.323785
51.333469
49.488293
51.953095
56.5347
53.801896
51.555274
52.843516
52.624135
52.487577
51.603215
48.940064
52.949506
41.609896
53.287487
51.577442
52.870842
52.682438
52.581341
52.276361
49.534289
50.351151
63.950022
-17.704763
78.178299
85.315278
91.007578
94.955182
99.077996
103.35328
107.66413
111.79045
115.89612
81.04106
87.365761
92.315124
95.827152
99.808641
103.96379
108.17516
112.18736
116.2184
83.523038
88.696082
93.595904
96.795669
100.76234
104.7374
108.87574
112.76876
116.72205
85.982462
91.781037
94.744874
97.64911
101.48445
105.41595
109.43683
113.25586
117.09278
93.607424
91.756567
95.905161
98.462814
102.40751
106.17727
110.16412
113.81442
117.61351
94.766405
95.780008
95.885615
99.121885
102.92147
106.8114
110.60887
114.27621
117.9004
114.74932
91.907651
97.168704
100.1663
104.10793
107.75201
111.53232
114.94097
118.53613
104.62603
94.291317
96.164645
100.55652
104.38889
108.17196
111.73809
115.23688
118.67206
141.27954
83.420087
99.918852
102.30908
106.022
109.44538
112.90092
116.12668
119.44398
119.46488
122.58411
125.6279
128.60972
131.53718
134.42818
137.27942
140.11129
142.91708
119.72588
122.86753
125.90104
128.90453
131.81988
134.73373
137.57177
140.43229
143.23105
120.18981
123.31283
126.33184
129.32279
132.23335
135.13801
137.97591
140.82917
143.63092
120.48152
123.60905
126.61445
129.62151
132.51287
135.442
138.25653
141.14544
143.92522
120.94513
124.09453
127.07173
130.08568
132.9684
135.89371
138.71682
141.5943
144.39545
121.17885
124.29388
127.27915
130.2881
133.16373
136.10012
138.90553
141.81096
144.58896
121.71971
124.89473
127.83046
130.862
133.71128
136.66045
139.45344
142.36212
145.14425
121.84773
124.96328
127.92314
130.9351
133.794
136.73605
139.53074
142.44445
145.22119
122.49559
125.65651
128.57655
131.60061
134.4358
137.38831
140.16896
143.09291
145.86869
145.72447
148.53184
151.39667
154.35157
157.43076
160.64631
163.7736
166.5229
173.84006
146.07918
148.8966
151.81306
154.78137
157.9432
161.23172
164.49933
167.33555
175.00455
146.47804
149.30995
152.24919
155.2463
158.46345
161.82343
165.1658
168.07044
176.08104
146.82032
149.63986
152.6363
155.63118
158.92392
162.29648
165.75151
168.746
177.18407
147.27986
150.13202
153.12678
156.16564
159.47927
162.90682
166.45785
169.5874
178.34372
147.51971
150.35477
153.42063
156.45327
159.8601
163.28555
166.93023
170.16164
179.49492
148.07529
150.92884
153.99648
157.07269
160.49679
163.98306
167.67155
171.22768
180.90758
148.17057
151.01889
154.12047
157.1934
160.67234
164.14977
167.8896
171.50424
181.64606
148.8348
151.6987
154.83118
157.94867
161.48063
165.00247
168.8527
173.13602
184.09167
172.81778
170.91762
168.24998
165.70089
163.24402
160.94012
158.77378
156.75278
154.8739
173.67199
171.61573
168.81634
166.11091
163.55182
161.16138
158.95214
156.89308
155.00254
174.52435
172.26621
169.37166
166.51969
163.8567
161.38037
159.126
157.02651
155.11236
175.3681
172.84927
169.84484
166.86762
164.13866
161.59129
159.30437
157.16973
155.23968
176.20582
173.3888
170.25657
167.14821
164.3567
161.75269
159.43369
157.26985
155.32013
177.03171
173.8775
170.62642
167.3818
164.54328
161.89094
159.55033
157.36409
155.40355
177.85314
174.292
170.91775
167.54692
164.67653
161.98246
159.62586
157.41889
155.44814
178.81566
174.60894
171.15685
167.66821
164.78109
162.05574
159.6917
157.4735
155.49997
178.95383
174.81056
171.26954
167.72811
164.81276
162.08114
159.70488
157.48171
155.50172
153.13486
151.51004
149.99303
148.55046
147.17795
145.8494
144.57488
143.32453
142.10004
153.23897
151.60919
150.0711
148.62147
147.23191
145.90446
144.61763
143.37213
142.13693
153.32208
151.67745
150.12136
148.66351
147.25896
145.91892
144.61589
143.3536
142.10121
153.43005
151.77571
150.206
148.74358
147.33125
145.99201
144.68227
143.42339
142.16426
153.49037
151.81939
150.2309
148.75154
147.32494
145.97181
144.64835
143.37058
142.09211
153.56331
151.88842
150.29554
148.81721
147.38895
146.03906
144.71798
143.44926
142.17799
153.59227
151.90608
150.30072
148.81134
147.37269
146.01098
144.67525
143.3868
142.09554
153.641
151.95309
150.34804
148.85876
147.42263
146.06304
144.7338
143.45178
142.17106
153.63695
151.94733
150.33612
148.8459
147.40348
146.04219
144.7045
143.41743
142.12623
140.84632
139.55611
138.20752
136.83804
135.42726
133.91024
131.65635
128.47303
125.83132
140.88779
139.572
138.18443
136.73265
135.24541
133.66059
131.27992
127.61715
124.67036
140.83314
139.49463
138.06734
136.56403
135.02796
133.41378
130.97982
126.85599
123.28987
140.90631
139.56053
138.12237
136.56384
134.95646
133.2347
130.7329
126.0266
121.44545
140.81336
139.43871
137.94822
136.31079
134.59294
132.77499
130.23577
124.96894
119.12392
140.91389
139.54957
138.0778
136.44427
134.71098
132.84519
130.43166
124.83896
116.37435
140.80859
139.41524
137.90128
136.17938
134.2886
132.22169
129.79079
123.13111
110.81806
140.89406
139.51812
138.02718
136.33338
134.46111
132.44137
130.27143
123.60796
106.77756
140.84013
139.44711
137.94644
136.21014
134.24198
132.08024
129.86137
122.09
96.135661
125.27783
128.07116
131.74711
134.79467
137.3477
139.3086
141.03219
142.52566
143.8923
124.50295
127.95828
131.53728
134.71736
137.28478
139.33297
141.08363
142.59683
143.97237
123.57884
127.59058
131.27141
134.55633
137.15514
139.28914
141.06022
142.61648
143.99241
122.58509
127.05166
131.06466
134.41916
137.15243
139.28135
141.12333
142.65877
144.07427
121.63192
126.57139
130.84574
134.35761
137.10032
139.31354
141.12236
142.7119
144.09729
120.7709
126.06923
130.73608
134.31334
137.12794
139.34949
141.19525
142.77583
144.19769
119.91375
125.87827
130.68463
134.39963
137.16566
139.44271
141.24594
142.84993
144.23397
121.26418
125.63698
130.6988
134.38135
137.23287
139.47306
141.31176
142.90272
144.3192
118.64428
125.9442
130.88058
134.7046
137.41802
139.66721
141.45078
143.03968
144.43472
145.27635
146.75718
148.27167
149.82413
151.56407
153.49923
155.71458
157.34478
157.37175
145.33788
146.82766
148.32448
149.89511
151.63229
153.6549
156.06998
158.0254
158.12348
145.3898
146.85369
148.35778
149.90831
151.64084
153.68989
156.29846
158.67662
159.04621
145.4486
146.93064
148.40474
149.97757
151.67295
153.71916
156.41993
159.24124
160.10646
145.50774
146.9312
148.41882
149.95087
151.67205
153.68753
156.47303
159.735
161.36158
145.58166
147.01442
148.46678
150.01429
151.69627
153.67399
156.44982
160.06504
162.68045
145.63551
146.9968
148.44292
149.92813
151.61457
153.49528
156.22532
160.12654
164.48173
145.7043
147.06819
148.482
149.98297
151.63447
153.51899
156.09991
160.16911
165.65707
145.77164
147.07459
148.44082
149.85798
151.45028
153.20616
155.5657
159.14506
168.93472
13.558248
-52.267626
-128.9782
-130.282
-38.877663
26.035396
49.26506
77.32928
85.018084
14.402811
-50.546494
-126.52338
-135.81141
-48.221697
21.940749
46.039489
75.722523
82.95501
15.17742
-48.935686
-130.28492
-138.96115
-55.729966
18.898462
44.080231
75.673683
82.846329
15.909095
-47.091301
-129.72193
-141.24258
-61.408173
17.038931
44.582555
77.068276
82.797656
16.605751
-45.106631
-130.34601
-144.16543
-66.123062
15.379471
44.719918
76.944997
83.77864
17.177161
-43.076079
-130.44921
-146.17136
-70.389048
14.136684
44.349764
75.378454
85.864492
17.68135
-40.974624
-130.63926
-147.75023
-73.920682
13.273163
44.33384
73.772269
88.88604
18.425364
-38.774064
-130.3048
-148.63544
-76.431593
12.822353
44.714844
72.038776
92.223061
19.795411
-36.298025
-129.11111
-149.08478
-77.201863
12.807694
45.714365
70.751268
95.333057
110.07304
82.805342
56.066367
29.859927
-47.646123
-128.45348
-111.73073
-29.714471
21.81234
108.3268
79.964096
55.143705
30.937461
-48.27756
-128.79026
-114.34207
-30.346994
21.690569
107.22554
77.446465
53.908219
31.173406
-49.49136
-130.91647
-117.26642
-30.654948
21.459163
105.21214
75.273809
53.475191
30.631809
-51.954117
-131.35216
-121.95118
-31.839375
21.111029
103.95859
73.700982
51.846973
29.056984
-54.653215
-134.91843
-125.34398
-32.805181
20.73535
102.41021
72.24401
50.472223
27.160356
-57.390165
-139.47873
-128.44585
-33.836776
20.238903
101.52851
70.770178
48.441975
25.213267
-60.303424
-143.79955
-131.71721
-35.089414
19.748744
100.21826
70.229029
46.702843
23.425587
-63.486247
-147.97776
-135.32426
-36.665904
19.288012
98.019077
70.736504
44.958774
21.876318
-66.529975
-152.22399
-138.60403
-38.353459
18.947341
95.015019
91.878776
88.578911
85.740618
83.87337
83.047703
83.076142
83.155308
85.128891
71.950724
73.352361
75.080657
76.590564
77.943828
77.926153
76.464759
76.485756
78.009963
43.806878
43.02461
42.850233
42.971224
43.339155
43.702918
44.140968
46.349841
49.45876
20.504166
19.65136
19.280605
19.406324
19.720093
20.213033
20.924238
23.373149
26.9304
-66.932947
-65.805693
-63.265958
-59.894948
-55.82518
-51.400316
-46.351028
-39.366474
-30.4012
-153.1752
-153.01749
-152.154
-150.59254
-148.39174
-145.43498
-143.12421
-139.82061
-133.52181
-141.0325
-141.54365
-142.28921
-142.02223
-142.07714
-141.16068
-141.87361
-137.48238
-138.51969
-40.066964
-42.93506
-45.45707
-47.812824
-50.054724
-52.201662
-54.160464
-55.846211
-57.414905
19.262421
17.758976
16.888474
16.32835
15.702074
14.942349
14.144449
13.317513
12.430704
)
;

boundaryField
{
    back
    {
        type            empty;
    }
    inlet
    {
        type            zeroGradient;
    }
    front
    {
        type            empty;
    }
    top
    {
        type            zeroGradient;
    }
    outlet
    {
        type            fixedValue;
        value           uniform 100;
    }
    bottom
    {
        type            zeroGradient;
    }
    wall
    {
        type            zeroGradient;
    }
}


// ************************************************************************* //
