/*--------------------------------*- C++ -*----------------------------------*\
  =========                 |
  \\      /  F ield         | OpenFOAM: The Open Source CFD Toolbox
   \\    /   O peration     | Website:  https://openfoam.org
    \\  /    A nd           | Version:  11
     \\/     M anipulation  |
\*---------------------------------------------------------------------------*/
FoamFile
{
    format      ascii;
    class       volScalarField;
    location    "19.5";
    object      p;
}
// * * * * * * * * * * * * * * * * * * * * * * * * * * * * * * * * * * * * * //

dimensions      [0 2 -2 0 0 0 0];

internalField   nonuniform List<scalar> 
5472
(
100.24429
98.117754
96.003018
93.893992
91.824622
89.792742
87.829653
85.941981
84.153246
82.464426
80.90901
79.454041
78.125282
76.967585
75.906645
75.101913
74.41266
73.970734
73.621777
100.91126
98.945944
96.975255
94.997917
93.041219
91.106198
89.19587
87.364606
85.619209
83.954682
82.405386
80.958208
79.647072
78.469863
77.413832
76.587849
75.858698
75.345542
74.949647
101.52416
99.711252
97.88331
96.057105
94.205107
92.352032
90.527666
88.752271
87.041415
85.420417
83.879659
82.460284
81.148003
79.951225
78.918029
78.039195
77.30221
76.770225
76.392435
102.03913
100.40745
98.755642
97.051874
95.306966
93.542349
91.795819
90.092085
88.420463
86.835145
85.338349
83.906089
82.582383
81.416853
80.367406
79.468745
78.745006
78.188965
77.800031
102.50684
101.031
99.518674
97.940503
96.314719
94.660646
92.998374
91.35063
89.742268
88.210528
86.723584
85.308738
84.007413
82.818417
81.778689
80.888113
80.155207
79.578888
79.179885
102.92472
101.5976
100.19456
98.743026
97.22905
95.677796
94.11026
92.543634
90.999434
89.497731
88.056181
86.688431
85.384843
84.208047
83.174514
82.270697
81.544146
80.96459
80.560277
103.2809
102.07362
100.79236
99.458286
98.058523
96.617012
95.133487
93.648043
92.175376
90.726681
89.321508
87.972306
86.698769
85.549942
84.510962
83.615231
82.886855
82.308543
81.891968
103.5788
102.47309
101.31458
100.11093
98.819946
97.466423
96.07342
94.683485
93.287177
91.895137
90.53231
89.21352
87.966421
86.832952
85.814646
84.936452
84.20213
83.623303
83.203365
103.82575
102.80326
101.75667
100.65499
99.47399
98.236668
96.943883
95.632098
94.310214
92.9892
91.678206
90.397337
89.181737
88.067047
87.060657
86.19497
85.46973
84.894958
84.455427
104.02951
103.11572
102.17914
101.16245
100.06989
98.91501
97.717156
96.493411
95.248428
93.998752
92.739582
91.510147
90.342792
89.253299
88.271449
87.413764
86.694476
86.123906
85.707845
104.17406
103.36893
102.5205
101.60052
100.61929
99.548388
98.437693
97.295454
96.134539
94.94317
93.732549
92.549477
91.416751
90.364717
89.412032
88.575092
87.873019
87.301842
86.870329
104.31802
103.60007
102.815
101.96549
101.05859
100.08826
99.076684
98.021777
96.9366
95.81203
94.677663
93.538422
92.452484
91.437281
90.502118
89.680394
88.989262
88.428864
88.017014
104.42065
103.7875
103.0926
102.34349
101.49681
100.58696
99.642589
98.667325
97.655935
96.593878
95.520306
94.442195
93.413276
92.435034
91.535744
90.738117
90.060041
89.502043
89.094714
104.50449
103.91244
103.28159
102.60695
101.85976
101.05199
100.17651
99.265468
98.321438
97.333722
96.31188
95.283666
94.294333
93.359314
92.497954
91.725
91.067264
90.525705
90.127956
104.60701
104.08518
103.50679
102.86474
102.17087
101.42749
100.62499
99.793249
98.91712
97.997887
97.039562
96.074146
95.129691
94.237033
93.404368
92.656789
92.016653
91.490422
91.112414
104.61255
104.15407
103.66938
103.10861
102.47345
101.7834
101.04785
100.27376
99.456207
98.589346
97.687767
96.780868
95.883128
95.038653
94.239835
93.519921
92.899461
92.388273
92.014874
104.68674
104.26881
103.80596
103.28186
102.70788
102.08053
101.41768
100.70856
99.949508
99.134343
98.292517
97.43479
96.589205
95.785202
95.020025
94.329542
93.729023
93.241155
92.877242
104.72901
104.36901
103.95491
103.47947
102.94398
102.3587
101.74252
101.08775
100.38047
99.619111
98.828365
98.019443
97.225158
96.455402
95.730294
95.062909
94.485604
94.018704
93.670285
104.76687
104.43768
104.06432
103.63745
103.15035
102.61332
102.0437
101.43737
100.7794
100.07132
99.325582
98.565478
97.810011
97.076843
96.381904
95.740373
95.185506
94.726694
94.393715
104.8355
104.53788
104.19421
103.7916
103.33381
102.83837
102.30708
101.73802
101.12336
100.45984
99.762798
99.048564
98.334347
97.640957
96.972816
96.362777
95.830518
95.382619
95.048197
104.86516
104.60711
104.30424
103.9412
103.52465
103.06803
102.57118
102.03566
101.45539
100.82413
100.1629
99.483111
98.798242
98.135437
97.498063
96.917479
96.41535
95.998223
95.67723
104.94383
104.69711
104.4106
104.07286
103.68206
103.25546
102.79637
102.29983
101.75557
101.16247
100.53721
99.885874
99.227497
98.57131
97.93593
97.358926
96.85545
96.448063
96.153293
105.00543
104.7969
104.54392
104.23415
103.87122
103.46606
103.02237
102.54213
102.02179
101.46276
100.87337
100.26257
99.652404
99.048714
98.45534
97.906311
97.413374
96.99474
96.67326
105.04585
104.87084
104.65001
104.37723
104.05322
103.68218
103.26497
102.8006
102.28738
101.7217
101.11988
100.4918
99.859262
99.238059
98.644889
98.106022
97.638358
97.269664
96.990609
105.1208
104.96662
104.7716
104.52901
104.23419
103.894
103.51523
103.09829
102.63757
102.13197
101.58385
101.00119
100.40176
99.789755
99.190179
98.620768
98.105026
97.678427
97.353341
105.164
105.05458
104.89737
104.68327
104.40686
104.07027
103.67657
103.23258
102.73727
102.20012
101.62448
101.01903
100.39722
99.78816
99.204296
98.66139
98.198281
97.819599
97.521906
105.20223
105.15874
105.06784
104.9281
104.7352
104.48214
104.16577
103.78252
103.33609
102.82896
102.26432
101.65697
101.00023
100.30707
99.627002
98.999494
98.458814
98.013425
97.679322
73.434666
73.393928
73.504682
73.850889
74.265055
74.881857
75.528553
76.2532
77.039639
77.885547
78.724858
79.639077
80.489004
81.407962
82.266418
83.078253
83.872379
84.519209
85.044096
74.790014
74.772737
74.946456
75.310113
75.813641
76.446182
77.163617
77.982582
78.891679
79.821192
80.770519
81.756017
82.707241
83.689293
84.587853
85.461542
86.256233
86.935591
87.512662
76.177157
76.186012
76.361028
76.751058
77.339858
77.997914
78.822204
79.727906
80.729022
81.722145
82.781106
83.825144
84.876239
85.890043
86.872139
87.77448
88.643629
89.389713
90.069933
77.572666
77.562625
77.755481
78.213738
78.813564
79.557265
80.457657
81.444362
82.498179
83.574303
84.688094
85.795774
86.895022
87.967179
88.995283
89.967239
90.907103
91.757669
92.565514
78.936422
78.925717
79.172908
79.620133
80.269381
81.106356
82.049405
83.103379
84.205697
85.358347
86.509465
87.672104
88.813821
89.933516
91.013216
92.059689
93.064001
94.04323
94.950095
80.275033
80.294006
80.537189
81.006837
81.728544
82.611064
83.618786
84.729242
85.882416
87.083759
88.27021
89.482591
90.663979
91.827982
92.973773
94.075738
95.179589
96.247351
97.246109
81.602979
81.619587
81.847552
82.396474
83.147372
84.082183
85.141949
86.289318
87.493682
88.729269
89.965459
91.220748
92.434114
93.655528
94.840618
96.005253
97.170871
98.28168
99.331902
82.923521
82.925629
83.185535
83.752475
84.525984
85.521339
86.611149
87.811682
89.056404
90.325328
91.604888
92.881481
94.131543
95.389897
96.596187
97.805646
98.97084
100.08564
101.11216
84.168336
84.152157
84.449475
85.051154
85.873559
86.897365
88.030573
89.270407
90.53995
91.844689
93.145862
94.444863
95.720806
96.982769
98.198082
99.387856
100.50472
101.58034
102.52476
85.438258
85.392158
85.721459
86.313882
87.191456
88.234654
89.40593
90.674139
91.969295
93.291376
94.609658
95.915956
97.18718
98.431847
99.608009
100.73397
101.78414
102.73136
103.54113
86.535948
86.557526
86.900138
87.515622
88.434319
89.47988
90.715553
91.991727
93.312465
94.644152
95.958722
97.245862
98.491059
99.680124
100.78769
101.818
102.72227
103.502
104.13145
87.714395
87.7188
88.054516
88.717455
89.630997
90.710678
91.963738
93.243153
94.583762
95.895149
97.184287
98.433017
99.626446
100.73556
101.73289
102.61789
103.36472
103.96695
104.40603
88.79341
88.806644
89.158188
89.847565
90.758961
91.87677
93.126902
94.417349
95.74012
97.013395
98.279642
99.465297
100.56991
101.5639
102.43435
103.178
103.76677
104.22783
104.55982
89.822612
89.84422
90.210985
90.910706
91.827138
92.973303
94.209721
95.495837
96.785377
98.030037
99.233493
100.32354
101.33331
102.20034
102.93884
103.53202
104.00071
104.37524
104.64165
90.819503
90.828924
91.198376
91.903383
92.840031
93.995723
95.209578
96.483536
97.729298
98.912973
100.0276
101.03367
101.93433
102.67124
103.29364
103.75487
104.13139
104.41712
104.62084
91.732957
91.745485
92.128662
92.840022
93.79425
94.929975
96.118418
97.356613
98.53181
99.658824
100.69055
101.59771
102.36569
102.98685
103.489
103.8374
104.11829
104.27081
104.33361
92.595109
92.601693
92.999079
93.713553
94.669925
95.777059
96.95127
98.13867
99.246893
100.30178
101.23351
102.02791
102.66959
103.18328
103.5501
103.78346
103.92242
103.90853
103.82184
93.39231
93.40428
93.811565
94.515687
95.459619
96.536495
97.680646
98.80043
99.844859
100.81275
101.63136
102.31182
102.83907
103.23423
103.46373
103.57631
103.58199
103.49627
103.34453
94.121259
94.148733
94.545969
95.239389
96.182055
97.240083
98.341276
99.389051
100.36506
101.23375
101.94176
102.50844
102.92052
103.19321
103.31263
103.34732
103.30054
103.22501
103.15679
94.780505
94.816816
95.20289
95.897835
96.810829
97.828365
98.879368
99.864009
100.76704
101.52652
102.1392
102.59931
102.91741
103.0979
103.16392
103.17759
103.16437
103.1625
103.16938
95.39715
95.419957
95.807863
96.500842
97.403883
98.407771
99.386991
100.29895
101.10914
101.77293
102.3057
102.6675
102.90631
103.0332
103.09196
103.12512
103.15392
103.19876
103.23385
95.90471
95.942314
96.328656
96.997942
97.866358
98.816242
99.74868
100.62373
101.36101
101.95846
102.41277
102.70608
102.89691
103.00845
103.08485
103.15167
103.2059
103.25417
103.2723
96.384857
96.417939
96.803446
97.497677
98.386326
99.303614
100.18892
100.9598
101.62218
102.14939
102.52259
102.76539
102.91971
103.01283
103.10107
103.16504
103.18725
103.18467
103.11344
96.740375
96.784971
97.162759
97.826725
98.658609
99.561383
100.41601
101.18158
101.80977
102.28435
102.61735
102.82995
102.97739
103.09069
103.15791
103.14862
103.09638
102.96556
102.73003
97.06979
97.118007
97.541665
98.278326
99.16592
100.03957
100.84069
101.52505
102.08249
102.48177
102.73369
102.89085
102.97924
103.00256
102.9512
102.85145
102.67412
102.38661
102.04007
97.260304
97.308727
97.720666
98.4207
99.268523
100.15042
100.96522
101.66764
102.20261
102.57758
102.83818
103.00381
103.06288
103.03163
102.89919
102.66439
102.30862
101.87635
101.43031
97.395401
97.487978
98.039923
98.890383
99.847224
100.76231
101.54461
102.14249
102.5571
102.80608
102.91849
102.90954
102.77936
102.55638
102.24831
101.86405
101.44742
101.03789
100.6702
85.447027
85.670265
85.717288
85.598244
85.213059
84.538134
83.757493
82.610105
81.052217
79.268098
77.204717
74.717414
72.124679
69.479824
66.935707
65.010726
63.901929
64.074382
66.344335
87.948071
88.20996
88.328629
88.311229
88.105213
87.658956
87.072469
86.339558
85.217491
83.900651
82.498605
80.781451
78.828516
76.78623
75.084683
73.755649
72.958746
73.371303
75.007068
90.600409
90.961465
91.177454
91.225563
91.097864
90.80869
90.459795
89.90423
89.069463
88.283839
87.141002
85.702522
84.225754
82.668926
81.218066
79.782609
78.72542
78.444726
79.193674
93.22158
93.7237
94.006042
94.131913
94.128057
94.010792
93.864672
93.510565
93.008917
92.304213
91.315217
90.193791
88.57278
86.778067
85.061619
83.141996
81.378936
80.011295
79.087927
95.76097
96.355942
96.715616
96.935637
97.012783
97.046107
97.082789
96.828667
96.428771
95.763025
94.768669
93.278352
91.472409
89.558076
87.032623
83.931819
80.945837
78.393205
76.191984
98.161312
98.807678
99.195723
99.43339
99.59793
99.746182
99.798442
99.655425
99.254217
98.49404
97.356611
95.802629
93.865769
91.094015
87.349784
83.145984
78.80026
74.433999
70.115425
100.27036
100.92868
101.28859
101.56818
101.80595
102.05932
102.18807
102.08816
101.67627
100.96221
99.763328
98.018823
95.368265
91.447997
86.376495
80.360932
73.415087
65.542659
57.13353
102.03143
102.6482
103.00718
103.34512
103.67547
104.01281
104.16863
104.12112
103.81749
103.042
101.61625
99.40498
95.707257
90.545191
84.497346
77.640431
69.323936
59.215934
47.479631
103.36797
103.90406
104.27781
104.64444
105.03813
105.38516
105.58382
105.58701
105.23413
104.34649
102.85214
100.46228
96.618392
91.721025
86.146275
79.70051
72.008048
62.938296
52.417492
104.23898
104.67687
105.02128
105.3402
105.68944
105.94621
106.09115
106.03787
105.61738
104.82763
103.52284
101.56508
98.440391
94.58474
90.001535
84.648493
78.53318
71.64508
64.077104
104.63713
104.99138
105.26464
105.49789
105.73501
105.86963
105.91906
105.8085
105.49669
104.98611
104.0078
102.57133
100.35729
97.401632
93.829385
89.668748
85.107808
80.426991
75.724202
104.79374
105.0877
105.29353
105.47042
105.63635
105.70899
105.68172
105.60106
105.5895
105.15151
104.40009
102.95507
100.99096
98.477
95.668643
92.626845
89.44214
86.461841
84.067174
104.88797
105.13836
105.3029
105.4805
105.61454
105.68723
105.67894
105.38124
105.2428
104.78404
103.6746
101.86442
99.565285
97.018168
94.493869
92.217532
90.124181
88.295191
87.020896
104.92098
105.09378
105.21178
105.31245
105.256
105.00792
104.42361
105.17729
104.01834
102.45859
100.38489
97.769927
94.870642
92.02058
89.698879
88.078968
87.090052
86.695781
86.863635
104.80515
104.9228
105.08702
105.19345
105.16171
104.94113
104.27108
103.32432
100.85564
97.663507
94.333695
90.467538
86.720462
83.38427
81.190436
80.444143
80.806016
82.044073
83.932398
104.30587
104.38717
104.54259
104.60069
104.49088
104.19881
103.47638
102.18752
100.92391
95.844708
88.508491
80.375755
73.179797
67.198495
62.227566
59.422699
60.220679
64.24779
70.20394
103.59524
103.5927
103.63321
103.52379
103.23188
102.72451
101.84451
100.41286
97.657128
92.910477
86.740669
79.200951
70.109289
61.367414
53.751704
48.607121
47.618608
52.633195
60.455333
103.06295
103.01962
102.97439
102.77702
102.3649
101.76861
100.87625
99.57393
97.580779
94.405469
89.985908
84.401531
78.0683
71.727348
66.411867
63.136694
62.730115
65.422859
70.519277
103.04907
103.03643
102.98808
102.84611
102.57919
102.22494
101.74994
101.04128
99.995617
98.517887
96.406472
93.647219
90.425139
86.933077
83.649718
81.03753
79.605359
79.718009
81.248822
103.21581
103.28876
103.3338
103.28181
103.21769
103.11468
102.97891
102.6827
102.23736
101.60047
100.64415
99.380418
97.728948
95.709269
93.659601
91.769702
90.032285
88.743542
88.171202
103.39458
103.53336
103.58258
103.61868
103.71704
103.8083
103.87259
103.82969
103.67599
103.38475
102.94703
102.2663
101.10528
99.696002
98.223599
96.429959
94.545554
92.814753
91.0734
103.4156
103.52601
103.59949
103.74397
103.87384
104.01633
104.11945
104.12582
104.16525
103.79047
102.88055
102.03402
101.27011
100.11068
98.17739
95.482247
92.299757
88.848718
85.573668
103.13634
103.20583
103.33629
103.50172
103.65203
103.77712
103.94407
103.99697
103.91325
103.91352
103.53014
102.19975
101.67514
100.56792
98.968879
96.809313
94.138018
91.035086
87.724847
102.49873
102.57007
102.74929
102.86521
102.98933
103.09218
103.19378
103.17346
103.00867
102.8519
101.27407
100.24442
99.826152
99.111499
98.156614
96.928316
95.548024
94.163614
93.012258
101.70648
101.75831
101.86125
101.93296
101.99079
102.01091
102.06162
102.10063
102.03419
102.31507
102.10609
101.00276
98.661002
96.028795
94.141254
93.299995
93.235159
93.847578
95.033078
101.02667
100.93321
100.91316
100.88115
100.79563
100.68023
100.54655
100.31722
100.04226
99.256066
98.007504
96.831194
96.05275
95.58597
94.820833
94.296071
94.21604
94.604214
95.425161
100.36228
100.32311
100.27151
100.18082
100.06016
99.914656
99.725404
99.459075
99.130359
98.652835
97.895372
97.192063
96.760172
96.583238
96.50317
96.498637
96.699847
97.156588
97.83557
70.893727
76.952838
84.145222
92.221592
100.38263
107.76482
114.30973
119.45152
122.48738
123.61406
122.62211
119.85616
116.91795
113.70668
110.51391
107.54068
104.56438
101.93039
99.426782
77.897321
82.129032
87.637984
94.043065
100.85114
107.59581
113.78269
118.45611
121.08775
122.08769
122.11953
120.24503
118.13491
115.55633
112.75607
110.15415
107.5363
105.08282
102.73296
80.843892
83.487227
87.389051
92.442185
98.245222
104.31539
110.07845
114.777
117.8169
119.56909
120.38758
119.57296
118.21218
116.47455
114.31588
112.15779
109.94845
107.80563
105.68518
79.067906
80.324621
83.179906
87.20213
91.961583
97.370329
103.16403
108.4674
112.62807
115.85466
117.45922
117.95414
117.46091
116.3547
114.84315
113.13412
111.31758
109.50298
107.67896
74.740979
74.292265
74.80681
76.865175
80.745458
86.068534
92.431904
98.875135
104.69532
109.38832
112.58555
114.33643
114.78896
114.81685
114.02419
112.87848
111.49559
110.07077
108.57971
66.129137
62.921464
61.125854
61.638668
64.499264
69.477488
76.860793
85.431017
93.363444
100.06514
105.24433
108.97246
111.33124
112.25849
112.17839
111.59762
110.66755
109.63974
108.59747
48.852714
41.481641
36.752283
36.173273
39.862929
47.165079
56.938995
68.208334
79.184126
89.094724
96.508959
101.94676
106.57277
108.8239
109.36706
109.38004
108.95116
108.32393
107.73967
34.206482
20.697348
10.113047
5.9865643
9.6201355
20.269298
34.793964
50.784566
66.262761
80.215923
91.253649
97.425331
101.17935
104.0318
105.56001
106.32577
106.47783
106.34697
106.16724
40.447674
28.082443
17.851294
12.747622
13.593416
20.481218
31.945062
45.763954
59.727671
72.209239
82.453901
90.132567
95.661842
99.411787
101.77701
103.23275
103.9446
104.25249
104.46844
56.279102
49.021347
43.618336
41.533772
43.074922
47.622593
54.668442
63.014293
71.446079
79.165968
85.707896
90.964839
94.984966
97.951478
100.07523
101.52458
102.39313
102.83187
103.21641
71.322592
67.739673
65.732296
65.783563
68.032329
71.464947
75.276778
79.755437
84.280042
88.411314
91.930359
94.801735
97.046619
98.865231
100.28875
101.34056
102.05873
102.4355
102.73135
82.222835
80.898018
80.186622
80.170983
81.093508
83.433997
86.313172
89.11304
91.756563
94.120712
96.166455
97.864072
99.162361
100.25901
101.16198
101.86682
102.36074
102.6524
102.84452
86.671849
87.01219
87.620804
88.493962
89.743027
91.327159
93.014281
94.683123
96.349655
97.802113
99.04037
100.09464
100.88226
101.54512
102.10806
102.58277
102.91844
103.10223
103.18114
87.566676
88.866111
90.412771
91.959634
93.531416
95.248522
96.796841
97.987673
99.102515
100.10002
100.93523
101.67496
102.2029
102.61824
102.9748
103.26129
103.50645
103.64413
103.63207
86.063963
88.463479
90.886498
93.011134
94.852727
96.622973
98.331504
99.526552
100.46767
101.38015
102.07692
102.6343
103.06766
103.36613
103.64184
103.83723
103.98253
104.08981
104.05721
76.486817
82.328011
87.342396
91.232307
94.161629
96.645471
98.764362
100.21662
101.2446
102.08132
102.82234
103.37047
103.76035
104.00166
104.17701
104.32545
104.40945
104.44355
104.35976
69.248986
77.707803
84.927215
90.441593
94.221035
96.728868
98.994992
101.26649
102.7024
103.35983
103.81348
104.23822
104.5502
104.7317
104.82026
104.84191
104.87085
104.83998
104.70866
76.586686
82.669647
88.305823
93.045804
96.773448
99.786164
101.99007
102.75319
102.53571
103.14909
104.43485
105.07637
105.29909
105.34705
105.33997
105.26629
105.20652
105.14831
104.98918
83.752952
86.804759
90.069307
93.210537
95.979108
98.376866
100.35091
101.92524
103.13147
104.06841
104.69753
104.98728
105.32421
105.51855
105.4864
105.41084
105.27842
105.18852
105.06775
88.399421
89.265405
90.729789
92.528914
94.342142
96.199739
97.801425
99.119478
100.49583
102.37154
104.4455
104.92558
105.2595
105.41549
105.39451
105.29195
105.12248
104.956
104.85063
89.451459
88.142327
87.460154
87.51174
88.16154
89.482745
91.455698
94.732211
99.266222
102.32752
103.94746
104.29698
104.60735
104.66649
104.66214
104.59944
104.47727
104.32125
104.21987
82.945211
81.38007
81.213099
82.381335
84.689903
87.945942
91.344621
94.527584
97.500295
100.01496
101.86077
102.80207
103.18628
103.41921
103.56038
103.63569
103.6356
103.58928
103.5792
84.679895
82.629074
81.994296
82.674015
84.681089
87.84502
91.522187
95.051612
97.956456
100.0421
101.30266
102.03312
102.46552
102.76277
102.92705
103.0395
103.07026
103.0789
103.12518
92.346717
92.450295
93.517417
95.443147
97.498821
99.054657
100.27102
101.39148
102.16233
102.55907
102.78824
102.87796
102.88459
102.91931
102.89884
102.91118
102.88482
102.83118
102.83247
96.547373
98.044559
99.441665
100.57598
101.36275
101.91614
102.34891
102.76845
103.04372
103.00632
102.91737
102.86668
102.80899
102.75743
102.72133
102.68048
102.62949
102.57605
102.55554
96.532288
98.186271
99.169922
99.932868
100.9202
101.7987
102.27115
102.53606
102.87889
102.96574
102.89636
102.80204
102.66128
102.50515
102.39506
102.30296
102.20324
102.02691
101.90963
98.660755
99.524677
100.29664
100.91876
101.4257
101.83894
102.24232
102.64128
102.80149
102.59015
102.35101
102.13155
101.90321
101.73777
101.59021
101.50344
101.43933
101.31992
101.21566
97.051014
94.861279
92.739687
90.806111
88.9985
87.322714
85.816716
84.410615
83.187022
82.086461
81.127801
80.28699
79.545433
78.93423
78.437116
78.079457
77.831748
77.747067
77.78886
100.39214
98.137214
95.943979
93.903027
91.992975
90.191811
88.510164
86.939691
85.509409
84.213458
83.061166
82.040076
81.134179
80.389726
79.791289
79.356488
79.06432
78.955183
79.005125
103.43536
101.21606
99.000882
96.876778
94.865472
92.937266
91.109241
89.388329
87.792705
86.317991
84.98851
83.80993
82.761455
81.8758
81.173337
80.654253
80.315998
80.1705
80.231136
105.66294
103.58973
101.49688
99.395832
97.36843
95.384196
93.47666
91.65909
89.939295
88.347469
86.876909
85.548508
84.381516
83.379525
82.571525
81.968895
81.578031
81.386287
81.44179
106.91375
105.13377
103.27788
101.35092
99.408631
97.476081
95.559652
93.718194
91.929546
90.24603
88.681112
87.24156
85.962352
84.869478
83.96009
83.263576
82.82733
82.610212
82.635278
107.37097
105.97332
104.43103
102.77201
101.01339
99.222524
97.383455
95.557348
93.764989
92.036087
90.408173
88.890771
87.51091
86.320646
85.340362
84.56719
84.061571
83.823406
83.839041
107.09291
106.2004
105.06201
103.72589
102.21686
100.60801
98.924294
97.178483
95.426622
93.686448
92.024076
90.4534
89.010599
87.735165
86.682736
85.85581
85.287685
85.00328
85.02922
106.13406
105.80033
105.15369
104.19129
103.02835
101.65904
100.15791
98.558444
96.901646
95.198199
93.532187
91.937578
90.447272
89.113512
87.988694
87.105534
86.51592
86.176906
86.188647
104.84062
104.95049
104.7849
104.22674
103.44037
102.36455
101.09076
99.674937
98.15336
96.545335
94.909499
93.318561
91.807145
90.427265
89.258531
88.309302
87.692207
87.331307
87.316895
103.71881
104.0378
104.1595
103.96356
103.50838
102.75504
101.76258
100.55461
99.185975
97.708128
96.15082
94.5848
93.078813
91.674398
90.477778
89.488914
88.830048
88.476282
88.424358
103.11985
103.38852
103.55671
103.58336
103.36515
102.88609
102.17253
101.20457
100.02999
98.692682
97.240152
95.73432
94.258545
92.855119
91.623207
90.620226
89.902409
89.553056
89.489542
103.03973
103.11823
103.21157
103.28685
103.17357
102.88256
102.37774
101.63857
100.67966
99.504141
98.178285
96.759588
95.330266
93.963727
92.70909
91.69671
90.944473
90.592298
90.542797
103.21401
103.16575
103.15554
103.15545
103.05835
102.8641
102.48504
101.92141
101.1384
100.14898
98.9816
97.668938
96.290523
94.979617
93.741807
92.717755
91.948854
91.557743
91.532552
103.52068
103.3996
103.29888
103.20718
103.07417
102.89247
102.57807
102.1394
101.49073
100.66383
99.652426
98.462953
97.153564
95.896888
94.689708
93.675461
92.917083
92.481402
92.480165
103.88957
103.71344
103.53689
103.3811
103.19108
102.99405
102.70279
102.31967
101.76669
101.0809
100.20924
99.133823
97.917858
96.732832
95.565747
94.555244
93.836369
93.390881
93.352224
104.17889
104.0343
103.83322
103.62305
103.38372
103.15717
102.86145
102.50791
102.0265
101.44047
100.67181
99.699402
98.599092
97.466371
96.37012
95.369682
94.659195
94.246539
94.179336
104.45126
104.30261
104.11048
103.89226
103.63255
103.36941
103.06011
102.71471
102.28394
101.757
101.07437
100.18344
99.211969
98.12829
97.094726
96.147862
95.41216
95.035083
94.96346
104.6929
104.53575
104.33586
104.12556
103.87657
103.59991
103.28661
102.93756
102.53988
102.02142
101.41809
100.60731
99.723174
98.73524
97.725412
96.847663
96.119568
95.745989
95.692428
104.85177
104.72502
104.53115
104.31866
104.09276
103.83069
103.53193
103.17197
102.79655
102.29904
101.73407
101.01861
100.17436
99.280979
98.321007
97.472822
96.789311
96.402487
96.366108
104.78804
104.75553
104.63069
104.45193
104.25658
104.00732
103.7368
103.39599
103.00986
102.55419
101.99963
101.35723
100.5656
99.725791
98.844536
98.012618
97.372746
96.996331
96.971245
104.39865
104.50572
104.53896
104.47007
104.35026
104.15116
103.90872
103.61358
103.23996
102.82428
102.30919
101.70875
100.97095
100.14983
99.330173
98.531243
97.919392
97.557671
97.527646
103.84833
104.0737
104.27085
104.34431
104.32169
104.21708
104.0196
103.76058
103.41467
102.99937
102.49065
101.90874
101.2675
100.48707
99.706202
98.951435
98.352465
98.015432
97.989177
103.34694
103.5736
103.81911
104.0257
104.1212
104.13557
104.05391
103.88007
103.61476
103.26325
102.8287
102.274
101.63302
100.89696
100.10248
99.372371
98.798184
98.462516
98.440213
102.99574
103.25343
103.49318
103.74179
103.94151
104.04563
104.05028
103.93705
103.72182
103.3908
102.96077
102.43464
101.81363
101.1172
100.36203
99.636158
99.09983
98.780669
98.748957
102.63801
102.8808
103.11026
103.3224
103.53835
103.72324
103.84494
103.86664
103.7739
103.55681
103.22528
102.77294
102.19257
101.49718
100.74333
100.03768
99.440871
99.106093
99.072873
102.21386
102.60076
102.92805
103.23096
103.49107
103.69467
103.84175
103.91169
103.86947
103.6846
103.33843
102.86456
102.28819
101.62534
100.86698
100.14458
99.604432
99.283807
99.225364
101.59608
101.86286
102.17506
102.51635
102.85929
103.16905
103.43987
103.65083
103.75676
103.77591
103.6582
103.29877
102.75307
102.08488
101.31929
100.51343
99.854615
99.447752
99.391105
78.038642
78.458672
78.949536
79.641203
80.444321
81.432913
82.571238
83.822841
85.208443
86.738025
88.349978
90.052236
91.840272
93.692404
95.594776
97.543238
99.537689
101.55116
103.53745
79.227515
79.637315
80.173135
80.901409
81.747253
82.74207
83.880336
85.125905
86.504315
88.014964
89.600027
91.258551
92.993548
94.770827
96.591087
98.457217
100.31278
102.1599
104.00097
80.456541
80.878024
81.426353
82.147569
83.022639
84.024508
85.166298
86.414592
87.778667
89.260264
90.820905
92.440581
94.112573
95.823757
97.561745
99.308717
101.00243
102.71022
104.44125
81.690557
82.100766
82.672888
83.385237
84.267923
85.283517
86.419593
87.666801
89.021766
90.475182
92.005539
93.593386
95.193396
96.815664
98.443066
100.06938
101.67127
103.25467
104.80397
82.911213
83.312636
83.887697
84.624346
85.500874
86.517156
87.648146
88.881778
90.214937
91.64412
93.128792
94.666943
96.205626
97.73557
99.263363
100.7635
102.25958
103.72423
105.1372
84.10975
84.533667
85.111982
85.847232
86.713208
87.718132
88.831331
90.05849
91.360004
92.754643
94.204022
95.678796
97.161216
98.598701
100.00964
101.39805
102.78379
104.11655
105.37205
85.287434
85.706515
86.276082
87.019531
87.88798
88.890066
89.98871
91.187712
92.469097
93.815863
95.215434
96.625137
98.031836
99.378848
100.70127
101.9729
103.20205
104.41266
105.58937
86.460468
86.871925
87.450103
88.178841
89.035899
90.023033
91.108186
92.26107
93.519647
94.823498
96.164561
97.50246
98.815198
100.07018
101.28245
102.4477
103.59486
104.71163
105.76403
87.599996
88.001024
88.577214
89.297052
90.143309
91.103666
92.171936
93.298952
94.510748
95.761051
97.046641
98.30826
99.533665
100.70408
101.82833
102.91082
103.93704
104.93633
105.87732
88.706407
89.099887
89.675986
90.368599
91.206163
92.148582
93.185084
94.281584
95.444464
96.63781
97.846684
99.045099
100.1945
101.28314
102.28866
103.27418
104.22614
105.12702
105.98099
89.781925
90.171867
90.72098
91.407515
92.22965
93.152422
94.153485
95.209145
96.310677
97.459196
98.595939
99.715698
100.77624
101.77992
102.7195
103.61201
104.45869
105.27771
106.04024
90.818986
91.20202
91.737817
92.418855
93.208822
94.095781
95.052974
96.079557
97.130601
98.217146
99.280516
100.31951
101.31148
102.23483
103.08863
103.89366
104.65905
105.38663
106.07644
91.801576
92.178963
92.696112
93.345261
94.10433
94.980639
95.905229
96.889359
97.888209
98.903726
99.904226
100.86691
101.78172
102.62234
103.40711
104.1418
104.83051
105.48057
106.08953
92.741312
93.115521
93.610794
94.246824
94.99361
95.830008
96.718609
97.644993
98.584468
99.52542
100.45468
101.34382
102.18898
102.96622
103.69022
104.3631
104.98251
105.55378
106.08249
93.618411
93.988479
94.472602
95.080909
95.796135
96.586591
97.443357
98.319302
99.20956
100.09333
100.96494
101.80072
102.58522
103.29068
103.93405
104.5269
105.07939
105.59714
106.06981
94.455071
94.810595
95.289152
95.867319
96.556361
97.312172
98.132244
98.96788
99.801655
100.62428
101.42547
102.1839
102.89271
103.53758
104.13027
104.68074
105.17769
105.63965
106.0711
95.238968
95.581252
96.040616
96.599258
97.256484
97.976669
98.748631
99.537347
100.31681
101.0769
101.81185
102.51923
103.18359
103.79146
104.33659
104.82596
105.25954
105.6644
106.04396
95.961847
96.295546
96.736613
97.273787
97.900142
98.586845
99.314878
100.05885
100.79289
101.50718
102.18725
102.84283
103.45647
104.00796
104.489
104.91958
105.31038
105.68046
106.02605
96.628218
96.952658
97.377109
97.891755
98.489033
99.139626
99.824912
100.5309
101.21791
101.8845
102.51079
103.10633
103.66841
104.17521
104.62474
105.02855
105.39262
105.72703
106.03419
97.228012
97.543432
97.953547
98.446223
99.015312
99.632901
100.29116
100.95885
101.59932
102.21516
102.80065
103.3581
103.88342
104.35448
104.76819
105.1384
105.46752
105.7619
106.03025
97.780179
98.083604
98.479957
98.957666
99.504367
100.10262
100.71489
101.33574
101.9401
102.51658
103.06849
103.59167
104.07646
104.51057
104.89081
105.22394
105.52334
105.79775
106.0474
98.24544
98.541648
98.924923
99.393233
99.910928
100.4775
101.0695
101.66397
102.24745
102.79449
103.31586
103.80362
104.25407
104.65623
105.00763
105.32231
105.60938
105.86367
106.08194
98.693808
98.982804
99.353251
99.812573
100.32285
100.87681
101.44417
102.00038
102.54774
103.06032
103.54696
104.00022
104.42469
104.80717
105.13829
105.42509
105.68582
105.91428
106.10431
98.99844
99.285047
99.647495
100.09819
100.59541
101.1202
101.67614
102.22466
102.76718
103.27439
103.75495
104.19689
104.60158
104.9577
105.27002
105.5437
105.78204
105.98338
106.14498
99.327431
99.621993
99.989194
100.44678
100.96168
101.50895
102.06736
102.59847
103.10394
103.57603
104.02225
104.43224
104.79972
105.12538
105.41191
105.66685
105.88151
106.05615
106.18977
99.475482
99.761255
100.12288
100.5766
101.08412
101.61205
102.15418
102.68396
103.20003
103.69319
104.15536
104.57744
104.94815
105.2807
105.56466
105.8035
105.99405
106.1368
106.23443
99.639684
99.94068
100.34536
100.83948
101.42152
102.0479
102.62242
103.18743
103.69359
104.18324
104.61326
104.99968
105.3261
105.60563
105.82804
106.00692
106.13629
106.22651
106.26981
105.52281
107.50861
109.46015
111.40398
113.30167
115.12327
116.90771
118.60438
120.18528
121.65721
123.0134
124.23668
125.30754
126.24955
127.02158
127.624
128.05478
128.30979
128.39109
105.81727
107.62542
109.42736
111.21514
112.97676
114.70174
116.37137
117.96489
119.45706
120.85954
122.15685
123.32065
124.34563
125.25499
125.99739
126.578
126.99314
127.23983
127.31907
106.07328
107.71245
109.38692
111.0265
112.6526
114.26347
115.81407
117.30577
118.71482
120.05504
121.26809
122.38297
123.37332
124.2372
124.94623
125.50503
125.91845
126.14865
126.22181
106.29624
107.80827
109.31177
110.80881
112.32178
113.80634
115.24335
116.64817
117.96715
119.23153
120.38348
121.44678
122.39334
123.21099
123.8961
124.42854
124.81447
125.05035
125.1157
106.47395
107.81878
109.21294
110.6065
111.9749
113.33512
114.67921
115.98623
117.23432
118.41047
119.50852
120.51025
121.41591
122.19242
122.8391
123.3548
123.72095
123.9419
124.00989
106.59104
107.84996
109.11264
110.35915
111.60762
112.87676
114.12767
115.32238
116.47115
117.59272
118.63858
119.57937
120.43408
121.16961
121.78811
122.28852
122.62582
122.84354
122.9046
106.71329
107.81894
108.94726
110.09781
111.26011
112.4221
113.56126
114.67618
115.75476
116.80016
117.75055
118.65006
119.46453
120.16128
120.74419
121.20812
121.55239
121.74985
121.81784
106.75316
107.75071
108.78699
109.85217
110.90951
111.96264
113.02142
114.06393
115.05978
115.99892
116.91742
117.76633
118.5152
119.17152
119.73298
120.1745
120.49503
120.68828
120.7394
106.76949
107.69783
108.63707
109.5848
110.53483
111.51016
112.47058
113.41479
114.34182
115.25344
116.10896
116.87047
117.5851
118.22246
118.74409
119.16214
119.46139
119.65226
119.69455
106.78212
107.59567
108.43012
109.29229
110.17847
111.06915
111.94364
112.82002
113.68036
114.51207
115.28645
116.02617
116.70207
117.27633
117.76739
118.17614
118.46304
118.62275
118.67473
106.74385
107.48893
108.25926
109.04591
109.8406
110.63866
111.44288
112.24563
113.03681
113.79359
114.5257
115.21938
115.82262
116.37443
116.85474
117.20816
117.47159
117.64535
117.70364
106.71587
107.37736
108.0626
108.77189
109.49191
110.22246
110.95216
111.69635
112.43458
113.13451
113.80676
114.44497
115.02478
115.53829
115.96394
116.30916
116.58358
116.71507
116.75036
106.65645
107.25499
107.87524
108.50732
109.15497
109.82154
110.50614
111.18954
111.84508
112.49734
113.12349
113.70395
114.23602
114.71465
115.12823
115.45224
115.66881
115.79935
115.84846
106.58462
107.1274
107.6816
108.25427
108.84968
109.4658
110.07841
110.67678
111.28547
111.89141
112.46891
113.01205
113.51235
113.95493
114.31699
114.60642
114.82962
114.97852
114.99269
106.51967
107.01031
107.5138
108.03274
108.56382
109.10101
109.64487
110.22462
110.80404
111.35654
111.87939
112.37394
112.83624
113.22859
113.57575
113.87656
114.07711
114.18196
114.19768
106.47252
106.89994
107.33496
107.78447
108.26484
108.77908
109.29495
109.81222
110.31373
110.79806
111.28545
111.75629
112.17378
112.55903
112.88979
113.12876
113.30174
113.40664
113.45578
106.39176
106.76253
107.16287
107.59911
108.05178
108.49245
108.92902
109.38045
109.854
110.32161
110.77173
111.1806
111.57185
111.9229
112.20697
112.44082
112.61276
112.72308
112.73445
106.33621
106.67257
107.03928
107.41303
107.78442
108.1878
108.62746
109.05994
109.48013
109.89431
110.29145
110.68215
111.03624
111.33687
111.60981
111.83902
111.98884
112.06691
112.10416
106.30951
106.61127
106.92875
107.25917
107.6144
107.985
108.36028
108.7431
109.122
109.50006
109.86819
110.21439
110.52682
110.82817
111.07539
111.2526
111.40863
111.51075
111.51524
106.27788
106.54887
106.82911
107.13056
107.44191
107.75874
108.09161
108.44423
108.80369
109.15062
109.48624
109.79945
110.10143
110.36727
110.58194
110.76849
110.9166
110.98781
110.97816
106.26349
106.48974
106.74279
107.01815
107.3062
107.60831
107.91834
108.23144
108.54618
108.85459
109.15267
109.44544
109.71276
109.94737
110.16899
110.3447
110.43642
110.4924
110.52717
106.26842
106.47427
106.70023
106.93951
107.1902
107.45117
107.71792
107.99384
108.26993
108.54932
108.83101
109.10252
109.35427
109.583
109.77014
109.91216
110.02675
110.0927
110.09216
106.25879
106.43727
106.62836
106.83444
107.05324
107.28351
107.52652
107.77888
108.03466
108.29567
108.55471
108.8017
109.03485
109.23946
109.41102
109.55676
109.66118
109.70687
109.71683
106.27516
106.42354
106.58793
106.7684
106.96186
107.16818
107.38817
107.61815
107.85585
108.09368
108.32779
108.55014
108.75778
108.95281
109.11648
109.24265
109.33235
109.39616
109.4035
106.29156
106.41059
106.54389
106.69632
106.86573
107.05408
107.25868
107.47206
107.68798
107.90636
108.12639
108.34
108.54134
108.71846
108.8751
109.00679
109.0932
109.13439
109.13556
106.29581
106.38044
106.48595
106.61327
106.76279
106.93113
107.1151
107.31347
107.52258
107.74184
107.96014
108.17371
108.37313
108.55052
108.70617
108.82955
108.91582
108.96035
108.95997
106.29207
106.3466
106.427
106.53187
106.66025
106.81075
106.98304
107.17488
107.38323
107.60312
107.82288
108.03759
108.2419
108.43153
108.59509
108.72368
108.81966
108.86988
108.86861
108.81223
108.71109
108.567
108.38285
108.16253
107.91059
107.64026
107.35997
107.07206
106.79039
106.52436
106.275
106.04665
105.84113
105.66299
105.51382
105.39029
105.29204
105.2267
108.90871
108.81563
108.67953
108.50002
108.2849
108.04534
107.78844
107.51851
107.23883
106.9609
106.68912
106.42591
106.18354
105.96644
105.76942
105.59613
105.44738
105.32695
105.2326
109.10694
109.01857
108.87017
108.69204
108.49266
108.26228
108.00724
107.73245
107.45412
107.17063
106.88714
106.62001
106.36355
106.12146
105.90261
105.70802
105.53334
105.37774
105.23896
109.35507
109.26275
109.13736
108.97772
108.7648
108.52125
108.26274
107.98822
107.70312
107.41105
107.11905
106.82847
106.55115
106.28996
106.0443
105.80798
105.58951
105.38377
105.19373
109.67872
109.58396
109.4537
109.27652
109.05809
108.81359
108.54202
108.25099
107.93837
107.61817
107.30512
106.99952
106.70354
106.41243
106.12802
105.86089
105.61766
105.39123
105.17804
110.03618
109.95281
109.80132
109.61027
109.38185
109.11612
108.82292
108.50162
108.17816
107.85234
107.51604
107.17618
106.8408
106.5213
106.22384
105.94514
105.67365
105.41273
105.16118
110.48027
110.36342
110.20361
110.0002
109.75221
109.46961
109.15229
108.81225
108.46026
108.08597
107.70756
107.34503
106.99508
106.65502
106.32098
105.98988
105.67722
105.38263
105.09847
110.93834
110.83969
110.67019
110.44897
110.18678
109.87052
109.51254
109.15019
108.75812
108.35679
107.96701
107.57375
107.17344
106.78178
106.40618
106.05629
105.73099
105.41805
105.10823
111.46359
111.35121
111.18608
110.95029
110.66149
110.32302
109.9627
109.56046
109.12613
108.69976
108.2598
107.8074
107.37534
106.96926
106.57347
106.18405
105.80189
105.43284
105.07935
112.06381
111.91888
111.74214
111.48506
111.17204
110.82548
110.42378
109.97812
109.52714
109.05373
108.56077
108.09038
107.62984
107.16213
106.70111
106.25815
105.84178
105.44927
105.06715
112.67411
112.57386
112.34898
112.09625
111.77456
111.36653
110.92581
110.46348
109.9772
109.46266
108.95072
108.42871
107.88625
107.36678
106.87973
106.41335
105.96237
105.5308
105.09491
113.39789
113.25069
113.03688
112.76028
112.38707
111.96376
111.49987
110.99359
110.45412
109.89212
109.31389
108.72525
108.16235
107.61607
107.06957
106.53948
106.02854
105.52954
105.05351
114.14863
113.98976
113.7635
113.43077
113.03395
112.61062
112.11212
111.55205
110.95219
110.33382
109.71868
109.10891
108.48708
107.86876
107.27062
106.69254
106.13204
105.59759
105.08204
114.92806
114.76893
114.52188
114.18734
113.79144
113.31227
112.75135
112.15405
111.52746
110.88084
110.20785
109.51571
108.84295
108.18574
107.53359
106.88556
106.26019
105.66705
105.06786
115.77382
115.62076
115.35347
115.00766
114.58084
114.02602
113.44238
112.83065
112.15256
111.44244
110.69856
109.9622
109.22478
108.47791
107.74481
107.02789
106.34631
105.68254
105.02506
116.68546
116.5147
116.24977
115.86469
115.37167
114.82211
114.2237
113.53656
112.79942
112.02776
111.23424
110.42968
109.61599
108.80942
108.0129
107.24905
106.49922
105.739
105.00989
117.63135
117.45098
117.147
116.73393
116.2424
115.67732
115.00965
114.25543
113.46031
112.64012
111.79303
110.92102
110.03146
109.15141
108.29279
107.43631
106.57215
105.74546
104.95241
118.61802
118.40957
118.0794
117.68663
117.15763
116.53578
115.81303
115.02873
114.20179
113.32146
112.38545
111.4242
110.47304
109.52585
108.55879
107.60633
106.69604
105.80537
104.90861
119.60959
119.41148
119.10525
118.65034
118.08717
117.4301
116.6706
115.85732
114.94896
113.98469
112.99123
111.97346
110.92909
109.86509
108.82403
107.80363
106.78872
105.77619
104.7873
120.66799
120.46016
120.11244
119.64453
119.06529
118.36324
117.57096
116.67861
115.71142
114.68918
113.60165
112.49893
111.3675
110.23948
109.09626
107.95618
106.83577
105.7284
104.63008
121.73669
121.51451
121.1683
120.65992
120.04953
119.31767
118.47346
117.53434
116.50183
115.40269
114.25156
113.06367
111.83768
110.59176
109.3442
108.11304
106.8859
105.6572
104.44247
122.8224
122.59406
122.21646
121.70166
121.06063
120.28678
119.39464
118.39959
117.31068
116.15932
114.92169
113.62476
112.30973
110.98424
109.63629
108.24894
106.88171
105.56329
104.2336
123.91883
123.67675
123.2953
122.76527
122.08231
121.27383
120.34033
119.29503
118.14207
116.89497
115.57697
114.22027
112.79961
111.33321
109.84327
108.34767
106.87937
105.43165
103.96691
125.02222
124.78044
124.37184
123.81772
123.11374
122.2638
121.285
120.17554
118.95366
117.65501
116.25793
114.78821
113.256
111.67935
110.07803
108.47475
106.84944
105.24465
103.6514
126.13389
125.8777
125.45732
124.87337
124.13147
123.24803
122.21364
121.05841
119.7845
118.40628
116.9294
115.36336
113.72609
112.02375
110.30103
108.55758
106.77587
104.98798
103.25345
127.21916
126.95435
126.51642
125.90748
125.13952
124.21967
123.13786
121.93376
120.59476
119.15327
117.58389
115.90127
114.1774
112.36259
110.4948
108.60779
106.67858
104.73063
102.81816
128.28594
128.00731
127.54921
126.92818
126.1337
125.17829
124.05303
122.79548
121.39151
119.87281
118.21175
116.4445
114.61937
112.68992
110.67155
108.62654
106.56902
104.44944
102.33545
99.169386
97.133995
94.608177
91.378447
86.998447
81.432538
72.517766
66.804837
44.215416
96.785296
94.308107
91.305842
87.616124
82.455347
76.258585
66.188887
60.244179
35.385891
94.413952
91.528214
88.013133
83.808597
78.097981
71.164285
59.813829
53.867223
26.615051
92.065532
88.780999
84.888248
80.001134
73.762774
66.322018
53.553784
47.544844
18.061632
89.753482
86.09959
81.760657
76.413718
69.528609
61.577909
47.451629
41.70657
9.7938093
87.517032
83.5318
78.747704
72.843061
65.489
57.168353
41.430432
35.754889
1.8818899
85.372007
81.036642
76.000071
69.511845
61.448008
52.979412
35.616836
30.519714
-5.8206681
83.310917
78.661129
73.219289
66.415028
57.59283
49.198641
29.88299
25.47934
-12.754751
81.378297
76.440774
70.68142
63.527034
53.774356
45.779194
24.44887
20.987585
-19.843228
79.541679
74.33897
68.311631
61.064011
50.108277
42.82886
19.222446
16.743673
-25.818869
77.903385
72.447683
65.944394
58.86239
46.613405
40.25882
14.446902
13.002951
-31.427953
76.35706
70.819655
63.85072
57.058802
43.197566
38.205003
9.9832172
9.7741688
-36.533756
74.937928
69.427141
61.739172
55.669924
40.049951
36.466394
6.1284284
6.8985458
-40.686277
73.731524
68.384733
59.787821
54.558685
37.218309
35.098257
2.871933
4.4296811
-44.027516
72.564601
67.583463
58.055736
53.798176
34.793993
33.886628
0.37350086
2.4531819
-46.553797
71.652139
67.008624
56.459731
53.243854
33.001629
32.777668
-1.3520624
0.8058582
-47.962639
70.852503
66.631756
55.327695
52.670861
31.968102
31.68208
-2.4538876
-0.36518925
-48.138323
70.296767
66.281114
54.691963
52.057677
31.850995
30.906419
-1.3700893
-1.3169653
-48.91667
69.974751
65.980978
54.592631
51.538554
32.379036
30.243351
-0.17424221
-1.5333238
-48.310465
69.850711
69.986836
70.164417
70.562695
71.041092
71.705247
72.482677
73.232983
74.1159
75.038665
75.975933
76.948734
77.911109
78.863025
79.835575
80.661073
81.451267
82.12779
82.649777
65.66447
65.474546
65.501102
65.665629
66.117019
66.703296
67.543554
68.531608
69.645415
70.858232
72.086587
73.339404
74.61382
75.878846
76.989494
78.040859
78.977164
79.705316
80.290129
54.966627
55.613495
56.453854
57.435118
58.551551
59.810775
61.155156
62.653443
64.241888
65.950872
67.708295
69.485042
71.174704
72.793853
74.296937
75.628443
76.848459
77.818171
78.513313
51.116569
50.952179
51.149614
51.747211
52.684667
53.94835
55.474373
57.22893
59.149699
61.207449
63.33528
65.528818
67.693777
69.770577
71.809546
73.694137
75.338559
76.829646
78.029539
33.483579
34.946512
36.595499
38.475969
40.564404
42.887337
45.437506
48.198442
51.153663
54.2932
57.538409
60.811949
64.005037
67.014378
69.843397
72.370662
74.612984
76.547458
78.203349
29.956844
30.20405
31.009115
32.448181
34.475597
37.05913
40.070831
43.431775
47.009911
50.748445
54.578945
58.39152
62.158702
65.679053
68.993062
71.860611
74.363939
76.229686
77.825944
1.5924775
3.63945
6.275494
9.1436977
12.526278
16.191927
20.457263
25.140261
30.464894
36.144166
42.218915
48.423945
54.73448
60.735438
66.306342
70.920722
74.250302
76.139092
77.112198
-1.0499646
0.39574763
2.7481616
5.870762
9.8425402
14.713687
20.364621
26.686604
33.450429
40.658733
48.132612
55.817557
63.440308
70.750316
77.21029
82.589487
85.706341
85.931009
82.761258
-46.682541
-44.089713
-40.764971
-36.298353
-31.002746
-24.689179
-17.529975
-9.3561369
-0.20153715
9.8549462
20.794399
32.39703
44.539085
56.694708
68.304024
78.14686
84.968512
86.259275
83.470469
83.024142
83.137667
83.063598
82.69383
81.946683
80.861107
79.408072
77.636601
75.317795
72.396226
69.154822
65.39944
61.031596
56.716823
52.679983
49.404972
47.71508
48.1838
51.344111
80.648832
80.652611
80.360239
79.68871
78.537156
76.889068
74.657314
71.81778
68.231439
63.865321
58.37261
51.89433
44.590605
37.002968
29.713751
23.834383
20.514971
20.675425
25.001315
79.01809
79.184975
79.021963
78.511779
77.491967
75.869061
73.408417
69.888389
65.193056
59.136862
51.332577
42.133472
31.413832
19.536107
7.7467974
-2.1562482
-8.5507518
-9.8191097
-5.1929503
78.952568
79.520279
79.706369
79.570562
79.045943
77.990304
76.417466
73.848743
70.047249
65.215062
58.524016
48.974496
36.448076
21.664948
6.9409071
-5.6356769
-14.866041
-18.023028
-15.081287
79.630393
80.771941
81.632987
82.349368
82.728269
82.717507
82.315694
81.595641
79.860279
76.296307
70.697702
62.995584
51.764378
37.570932
23.245375
10.512276
1.1872358
-3.487815
-2.6658635
79.394097
81.152892
82.920337
84.877434
86.473466
87.801704
88.271444
88.268906
86.594406
82.386463
76.919514
69.816727
60.840379
50.090367
39.106628
29.210766
21.730803
17.875452
17.475412
77.74052
79.75903
82.897021
85.771355
88.757403
92.255319
92.542561
90.49636
89.242888
85.822033
81.195936
75.035569
67.336945
58.409755
49.281798
40.938602
34.546515
31.133423
31.311
78.216237
78.526536
84.03254
88.386144
88.991392
89.072753
90.091989
90.817552
90.35182
88.808315
85.694245
81.149042
74.943282
67.386774
59.249032
51.65298
46.270947
43.659446
43.28378
83.852699
82.13753
81.518371
82.054917
83.931911
86.035946
86.211568
86.135703
84.979835
82.523011
78.696753
73.445276
66.952963
59.456267
51.832342
44.987936
39.724405
37.26528
38.62805
57.22947
65.627981
75.665828
86.238728
96.075824
104.29544
110.88049
116.31767
119.46801
120.77294
119.93568
117.57373
114.77913
111.30751
107.91444
104.67614
101.45744
98.784601
96.122762
33.306649
44.727571
57.561365
70.540817
82.402153
92.457281
101.02904
108.62405
114.54419
117.1916
116.79145
114.30853
110.7087
106.24997
102.69273
99.126879
95.791528
93.154592
90.584555
5.1963259
20.085878
38.036113
55.01935
68.54234
78.846526
86.66713
93.672848
100.22989
103.91737
102.57374
100.12973
97.673537
94.526148
91.73621
89.046612
86.577487
84.4714
82.594603
-5.6232168
8.427183
24.700927
40.589891
53.523061
62.402211
67.853137
71.712716
75.108186
77.069023
77.737066
77.737865
77.527469
76.846483
75.72805
75.329348
74.465596
73.67149
73.339065
2.8477835
12.184778
23.470904
34.387653
42.73647
48.296285
50.810744
51.135553
51.120666
51.223302
49.615794
47.903887
50.01206
52.809943
54.792441
57.936802
60.36732
62.273231
64.098105
20.155262
25.126895
31.194292
37.180349
42.321179
44.4525
42.832267
37.933607
31.977091
28.394415
26.939232
27.43034
31.567665
37.552428
41.339694
45.446757
50.948683
54.540717
56.944565
34.076152
38.229476
42.979094
47.064671
49.55594
49.327677
46.590913
41.971497
36.444775
32.742008
31.409694
32.087322
34.143326
38.572679
42.435332
46.843665
51.86729
52.281027
51.243802
45.329981
49.345137
54.438996
59.043766
61.818271
62.13122
59.761758
55.431135
49.180439
44.485132
41.604755
40.653997
41.549439
43.561388
45.75389
48.026396
50.422318
51.358919
52.651457
42.927025
49.292674
56.612536
63.339448
67.964192
69.18893
67.324586
62.803488
56.871068
51.404293
47.091284
44.859689
44.420861
45.203513
46.523619
48.066102
49.698292
49.708301
48.241331
93.751659
91.642548
89.490558
87.646255
85.850963
84.226777
82.831243
81.479147
80.30466
79.223583
78.288835
77.467172
76.770689
76.160796
75.651891
75.276741
75.008818
74.871749
74.852377
88.283332
86.336417
84.450117
82.812128
81.254545
79.78554
78.442612
77.143295
75.964108
74.839632
73.814211
72.890796
72.090307
71.407233
70.858835
70.468112
70.279446
70.316201
70.580325
80.838914
79.484845
78.142975
76.917685
75.744288
74.536995
73.391952
72.211988
71.078571
69.91401
68.755838
67.604325
66.539401
65.573683
64.750221
64.074702
63.532414
63.102506
62.736229
72.709552
72.330086
71.812503
71.161238
70.347945
69.359266
68.31648
67.160704
65.987667
64.728517
63.491085
62.287416
61.175467
60.161068
59.277434
58.56351
58.084804
57.948187
58.201257
65.030005
65.614367
65.89734
65.719388
65.293077
64.552206
63.529755
62.196427
60.646448
58.90901
57.117871
55.246791
53.414297
51.684098
50.134868
48.812875
47.683285
46.681896
45.743541
58.434457
59.283193
60.181351
60.645228
60.789123
60.445905
59.655906
58.429341
56.92011
55.134959
53.213308
51.190649
49.156831
47.184808
45.324923
43.674122
42.335097
41.469903
41.204144
53.11682
53.823689
54.38752
55.462602
56.285336
55.989475
54.575608
52.161053
49.14007
45.615117
41.939445
38.240763
34.648101
31.416527
28.507921
26.062029
23.971166
22.241354
20.674673
54.149237
52.289913
50.678226
54.095388
59.155374
61.285133
61.222628
58.93984
55.414656
51.129174
46.460504
41.784064
37.085022
32.781056
28.639716
25.011508
21.829102
19.391062
17.759681
48.506322
50.630243
51.968029
53.908126
58.952941
59.977407
55.722094
49.060392
40.927372
32.655104
24.341782
16.627802
9.5208653
3.1446419
-2.514567
-7.389767
-11.478691
-14.815674
-17.388427
74.984775
75.302824
75.883895
76.627641
77.511691
78.599093
79.826722
81.178826
82.638276
84.267634
86.019475
87.841435
89.771117
91.836519
93.948417
96.081697
98.319043
100.58887
102.80819
71.062876
71.629521
72.197748
72.798915
73.500889
74.353422
75.439277
76.723222
78.186614
79.950287
81.919867
84.035551
86.24783
88.581777
91.050477
93.585105
96.125846
98.728153
101.41962
62.485653
62.499369
63.035427
63.94553
65.209286
66.792901
68.678262
70.652414
72.701495
74.866127
77.201206
79.654536
82.151356
84.799587
87.607123
90.496182
93.457658
96.495012
99.570646
58.824691
59.693705
60.572712
61.330534
62.105363
63.007842
64.147452
65.536729
67.213676
69.185176
71.522062
74.103825
76.93234
80.002674
83.254504
86.647862
90.118856
93.641107
97.192269
44.908042
44.301078
44.260566
44.953426
46.332353
48.288766
50.715276
53.455398
56.465071
59.706272
63.147239
66.669833
70.323322
74.032184
77.8449
81.736932
85.739225
89.816948
93.942058
41.57524
42.472597
43.588109
44.755744
45.929628
47.199531
48.6206
50.285997
52.246975
54.563894
57.236789
60.294118
63.72603
67.472849
71.519222
75.778041
80.257723
84.887007
89.611247
19.287013
18.112936
17.553593
17.776958
18.855199
20.70144
23.250793
26.433108
30.180881
34.393671
38.985922
43.874489
49.015838
54.346096
59.806799
65.355074
71.055984
76.842748
82.745437
17.057016
17.125926
17.759076
18.801701
20.292197
22.098941
24.331891
26.925591
29.913763
33.252681
36.982329
41.043567
45.494283
50.289294
55.411527
60.789219
66.405298
72.168838
78.153619
-19.313579
-20.494058
-20.955391
-20.594583
-19.471551
-17.50716
-14.822781
-11.332368
-7.1787925
-2.3444133
2.9950895
8.9156324
15.26845
22.068944
29.144203
36.538068
44.190397
52.06206
59.888875
105.0506
107.30846
109.52797
111.68834
113.80965
115.84143
117.80297
119.67246
121.42601
123.05174
124.55024
125.90924
127.0671
128.08982
128.95008
129.60141
130.06384
130.38204
130.449
104.08449
106.67299
109.27259
111.88128
114.39541
116.75693
119.05517
121.27432
123.36133
125.25024
126.98519
128.60024
130.00031
131.18641
132.18339
133.00646
133.57589
133.90094
133.99311
102.66973
105.75984
108.81093
111.78316
114.70921
117.60532
120.30508
122.79101
125.23262
127.52261
129.53513
131.37767
133.0637
134.49857
135.62191
136.52815
137.22855
137.61642
137.78555
100.78439
104.33252
107.87708
111.37198
114.74015
118.02584
121.21893
124.25961
127.04981
129.69717
132.17936
134.27731
136.19536
137.89864
139.27562
140.3636
141.14254
141.6012
141.73832
98.088684
102.18819
106.3113
110.35193
114.33449
118.16342
121.7579
125.29586
128.68545
131.6497
134.45518
137.05988
139.282
141.16779
142.78385
144.13095
145.0203
145.58649
145.77763
94.389628
99.184475
103.98246
108.66637
113.27605
117.71018
122.02413
126.066
129.82933
133.47951
136.70245
139.55924
142.21263
144.42581
146.29312
147.81106
148.75129
149.47689
149.67004
88.603535
94.465366
100.07806
105.61144
111.02737
116.20627
121.11555
125.76607
130.24002
134.39528
138.18824
141.59778
144.58373
147.18813
149.38637
151.06883
152.23225
153.03223
153.26119
84.162998
90.208251
96.287432
102.38801
108.31118
114.19284
119.68847
125.07327
130.04487
134.73834
138.92269
142.76787
146.19903
149.11749
151.66617
153.54859
155.06737
155.92988
156.14059
67.908971
75.882065
83.705342
91.368512
98.906556
106.14804
113.34143
119.89599
125.90824
131.68421
137.19349
141.98836
146.09015
149.82908
152.77191
154.92715
156.63338
157.63785
157.88252
130.34193
130.04707
129.52749
128.85428
128.00782
126.95329
125.71923
124.34499
122.81192
121.14025
119.30729
117.34451
115.32127
113.19527
110.94987
108.647
106.34712
103.99536
101.58044
133.89889
133.54118
132.94972
132.18782
131.15478
129.89914
128.4833
126.87434
125.05959
123.06362
120.89058
118.64618
116.28079
113.68457
111.0568
108.41184
105.63515
102.82041
99.976703
137.63967
137.23824
136.59511
135.64939
134.42026
132.99603
131.33248
129.41529
127.26845
124.90823
122.48798
119.82008
116.86748
113.95951
110.92078
107.71818
104.53776
101.20134
97.846579
141.56554
141.09876
140.32995
139.20701
137.77738
136.15141
134.1987
131.9293
129.48901
126.77209
123.80323
120.7142
117.46641
113.93455
110.39323
106.79421
102.92184
99.13006
95.319176
145.59739
145.01886
144.09994
142.89001
141.21205
139.18589
137.04363
134.42097
131.38611
128.33046
124.97601
121.21777
117.38293
113.42226
109.18273
104.85575
100.4757
95.966392
91.467333
149.49578
148.94589
147.74403
146.25651
144.46706
142.15191
139.4002
136.41633
133.18452
129.4468
125.45637
121.26639
116.76233
112.07393
107.20774
102.18759
97.005479
91.885204
86.574369
153.01813
152.28263
151.12165
149.2646
147.04332
144.45384
141.42166
137.83744
133.90662
129.73833
125.083
120.16283
114.95107
109.48903
103.78225
97.828577
91.654868
85.408054
78.980259
156.01794
155.02083
153.60512
151.66484
149.00999
145.90424
142.56234
138.32086
134.06824
129.27283
123.75282
118.25721
112.47102
106.22204
99.855474
93.332915
86.825094
80.138566
73.474427
157.47599
156.51049
154.69648
152.55281
149.69625
145.64841
141.25706
136.39416
130.56469
124.67286
118.12956
111.00002
103.52769
95.717154
87.643602
79.315971
70.695589
61.882622
53.021031
)
;

boundaryField
{
    back
    {
        type            empty;
    }
    top
    {
        type            zeroGradient;
    }
    front
    {
        type            empty;
    }
    outlet
    {
        type            fixedValue;
        value           uniform 100;
    }
    bottom
    {
        type            zeroGradient;
    }
    inlet
    {
        type            zeroGradient;
    }
    wall
    {
        type            zeroGradient;
    }
}


// ************************************************************************* //
