/*--------------------------------*- C++ -*----------------------------------*\
  =========                 |
  \\      /  F ield         | OpenFOAM: The Open Source CFD Toolbox
   \\    /   O peration     | Website:  https://openfoam.org
    \\  /    A nd           | Version:  11
     \\/     M anipulation  |
\*---------------------------------------------------------------------------*/
FoamFile
{
    format      ascii;
    class       volScalarField;
    location    "0.8";
    object      p;
}
// * * * * * * * * * * * * * * * * * * * * * * * * * * * * * * * * * * * * * //

dimensions      [0 2 -2 0 0 0 0];

internalField   nonuniform List<scalar> 
5472
(
101.53516
99.560133
97.620842
95.680074
93.77808
91.92195
90.111777
88.36799
86.702476
85.111536
83.621451
82.232735
80.944954
79.791283
78.734674
77.771811
76.913033
76.145441
75.470725
101.85829
100.03763
98.224159
96.38201
94.57763
92.791812
91.036077
89.335568
87.694287
86.116988
84.631013
83.226148
81.917954
80.724622
79.605902
78.598868
77.686714
76.875477
76.153792
102.1453
100.48087
98.780451
97.050693
95.347033
93.630846
91.9366
90.278374
88.65998
87.103522
85.615206
84.190707
82.86197
81.622896
80.465065
79.424382
78.456548
77.600505
76.829549
102.38292
100.84872
99.264758
97.660684
96.052383
94.410964
92.793654
91.175916
89.58723
88.04939
86.557411
85.126357
83.78077
82.506552
81.326384
80.250662
79.232657
78.336877
77.510832
102.55527
101.13362
99.67213
98.192911
96.667611
95.12096
93.57623
92.006238
90.462303
88.936023
87.45758
86.02741
84.669911
83.372782
82.171463
81.060585
80.00976
79.073809
78.19136
102.66487
101.35493
100.0219
98.647143
97.217861
95.772952
94.296798
92.790793
91.288231
89.787897
88.334236
86.908536
85.546719
84.232727
83.01578
81.860252
80.793605
79.806647
78.887374
102.73221
101.54018
100.30658
99.023661
97.704777
96.349073
94.942149
93.510445
92.050759
90.591358
89.152511
87.742162
86.380343
85.066228
83.83448
82.651409
81.570232
80.535064
79.59535
102.75822
101.67102
100.52931
99.353537
98.130548
96.84934
95.531151
94.172716
92.76798
91.356264
89.935689
88.547132
87.187033
85.875306
84.622242
83.436872
82.323615
81.266793
80.298055
102.73473
101.74087
100.70137
99.624957
98.481108
97.292066
96.055659
94.760311
93.423947
92.063475
90.677092
89.313235
87.965754
86.660081
85.401188
84.205072
83.06929
81.999716
80.998327
102.69069
101.77306
100.82655
99.836769
98.78957
97.695284
96.526241
95.2933
94.019164
92.709988
91.368405
90.033254
88.704005
87.410882
86.154374
84.950817
83.804587
82.721013
81.699315
102.62802
101.79614
100.92159
100.00215
99.040713
98.026643
96.937125
95.778706
94.566036
93.30968
92.015775
90.71383
89.408982
88.128158
86.880196
85.678438
84.526252
83.429029
82.392305
102.52607
101.78285
100.9937
100.1536
99.26616
98.317972
97.30067
96.211501
95.05814
93.851718
92.610442
91.351533
90.07843
88.817145
87.582231
86.382827
85.228919
84.130156
83.086285
102.40807
101.73278
101.02766
100.26858
99.4524
98.570612
97.623227
96.603884
95.510709
94.35817
93.17076
91.946866
90.710982
89.470924
88.252019
87.062901
85.917014
84.813744
83.763963
102.30054
101.68913
101.05151
100.35851
99.600851
98.77733
97.897005
96.939495
95.908816
94.815898
93.678148
92.494751
91.304747
90.09299
88.895645
87.72177
86.586857
85.484244
84.441992
102.19507
101.63556
101.06235
100.43164
99.733932
98.971736
98.144014
97.243238
96.278725
95.243685
94.151438
93.014729
91.852521
90.674251
89.506274
88.350616
87.22875
86.138639
85.110455
102.11019
101.59926
101.06843
100.48885
99.846341
99.137264
98.355916
97.50801
96.597522
95.617878
94.585061
93.505206
92.384241
91.235598
90.092193
88.958536
87.852225
86.782002
85.763655
102.01808
101.56469
101.07922
100.54288
99.947869
99.28842
98.561817
97.767686
96.897926
95.964228
94.978689
93.929046
92.84855
91.749567
90.637709
89.531321
88.447831
87.404311
86.402848
101.96594
101.55344
101.10352
100.59584
100.03242
99.414038
98.734788
97.989602
97.171617
96.296049
95.360151
94.361013
93.317252
92.244581
91.160429
90.07691
89.015675
87.992116
87.012627
101.91365
101.54138
101.1353
100.67453
100.14588
99.555742
98.912022
98.199983
97.419569
96.581243
95.677505
94.724763
93.72821
92.694863
91.647818
90.594796
89.55936
88.559922
87.603569
101.89006
101.54166
101.15904
100.7303
100.23804
99.684304
99.079346
98.4131
97.675116
96.87323
96.008958
95.088466
94.117785
93.117669
92.097585
91.070015
90.06128
89.087737
88.154885
101.90256
101.59032
101.23458
100.83229
100.36674
99.828788
99.246284
98.607481
97.898482
97.13279
96.309133
95.431884
94.495856
93.521832
92.530562
91.526218
90.539222
89.590061
88.684579
101.90683
101.61977
101.28571
100.92084
100.49406
99.994863
99.447809
98.831801
98.14729
97.395184
96.574769
95.71604
94.806861
93.868919
92.906399
91.919329
90.952966
90.023731
89.141197
101.9758
101.72122
101.40083
101.04056
100.63104
100.15643
99.62973
99.054682
98.422372
97.706147
96.937785
96.101609
95.189678
94.267722
93.315344
92.339998
91.389737
90.476234
89.609098
101.99963
101.78543
101.52505
101.19918
100.82166
100.37678
99.846194
99.264317
98.61636
97.886961
97.11178
96.297922
95.41431
94.509038
93.568297
92.607589
91.669221
90.771269
89.922284
102.07723
101.88735
101.64821
101.35049
101.00672
100.61718
100.16224
99.649288
99.054515
98.385391
97.653918
96.810232
95.914391
94.976755
94.00643
93.027522
92.068025
91.162135
90.306099
102.14856
102.01346
101.80958
101.53734
101.19025
100.78249
100.3042
99.762678
99.148628
98.453712
97.711423
96.895445
96.015106
95.0943
94.130186
93.151127
92.198211
91.293372
90.448779
102.17353
102.12591
102.01899
101.84386
101.60187
101.28961
100.90178
100.4273
99.877437
99.234913
98.503603
97.658574
96.699298
95.700111
94.648119
93.588958
92.574984
91.602552
90.685539
74.865674
74.30234
73.777762
73.282436
72.792308
72.280855
71.695577
71.001486
70.144028
69.124249
67.89873
66.456668
64.721219
62.643009
60.178278
57.244756
53.787307
49.693505
44.923929
75.487938
74.854189
74.268465
73.700121
73.138939
72.536097
71.846116
71.030281
70.030926
68.857274
67.476242
65.867688
63.985567
61.779788
59.242325
56.276809
52.885995
48.966444
44.530807
76.093605
75.3786
74.703006
74.05446
73.398551
72.681159
71.862236
70.912769
69.788712
68.479532
66.958944
65.19085
63.183222
60.882893
58.308493
55.412032
52.201213
48.645894
44.755577
76.704998
75.901777
75.144129
74.413366
73.667063
72.835029
71.916172
70.847676
69.633137
68.216811
66.615122
64.784553
62.762481
60.517003
58.095698
55.487375
52.728645
49.842441
46.879402
77.332454
76.432694
75.61115
74.79257
73.959689
73.030261
72.033304
70.884382
69.607067
68.152854
66.546696
64.768517
62.873356
60.861621
58.813574
56.753964
54.769828
52.912736
51.276407
77.962785
76.980964
76.099864
75.19026
74.274954
73.286475
72.229764
71.046422
69.753565
68.325842
66.807734
65.200401
63.586161
62.002859
60.541002
59.266362
58.267608
57.604019
57.346015
78.587807
77.556771
76.590781
75.598389
74.626491
73.604609
72.509346
71.337626
70.092316
68.759936
67.426156
66.118743
64.918605
63.900303
63.156051
62.743255
62.740784
63.16637
64.046906
79.236898
78.143805
77.077383
76.047506
75.040111
74.00184
72.908844
71.78604
70.644819
69.494238
68.431972
67.517061
66.832261
66.446639
66.444198
66.852932
67.713275
69.010634
70.724293
79.897507
78.718838
77.591256
76.541876
75.506927
74.474409
73.439023
72.407586
71.428058
70.539984
69.831884
69.371089
69.23904
69.483053
70.152446
71.250035
72.780605
74.704807
76.940485
80.551074
79.314251
78.157414
77.077925
76.039356
75.050166
74.111788
73.227525
72.466986
71.891113
71.578237
71.592149
71.992014
72.797013
74.021564
75.652428
77.640712
79.921144
82.337299
81.203434
79.925417
78.746148
77.663546
76.660919
75.743267
74.92852
74.236661
73.73548
73.50267
73.599028
74.069168
74.934574
76.204207
77.85202
79.838268
82.066825
84.440945
86.757518
81.868411
80.558829
79.369066
78.306025
77.362945
76.54914
75.885825
75.418008
75.204501
75.321062
75.800463
76.669214
77.924202
79.552808
81.478978
83.632663
85.874622
88.103645
90.164629
82.524972
81.211096
80.042928
79.011853
78.138577
77.449872
76.957931
76.734178
76.818137
77.265498
78.090287
79.297308
80.854077
82.718364
84.7671
86.918939
89.015618
90.995573
92.751777
83.187225
81.882737
80.733441
79.75848
78.984216
78.438327
78.139501
78.161805
78.532365
79.279153
80.395754
81.872696
83.623907
85.576733
87.587547
89.587215
91.445234
93.137456
94.588755
83.855843
82.568539
81.442409
80.542711
79.881101
79.487073
79.391992
79.655571
80.289781
81.302557
82.654123
84.315854
86.155905
88.085088
89.971135
91.749115
93.347687
94.758473
95.938874
84.519422
83.244197
82.167305
81.361957
80.818519
80.584943
80.689111
81.183352
82.047575
83.269094
84.779477
86.520229
88.332415
90.138482
91.832522
93.376351
94.7431
95.911965
96.842446
85.178904
83.915608
82.909339
82.194598
81.778554
81.707083
82.012507
82.725242
83.780473
85.166254
86.781091
88.517368
90.239853
91.880675
93.380456
94.709564
95.846461
96.779944
97.504057
85.81416
84.58274
83.656799
83.027665
82.744297
82.829056
83.313781
84.191341
85.401853
86.871577
88.48282
90.141993
91.744329
93.235031
94.55527
95.684489
96.609886
97.354633
97.925343
86.426215
85.243513
84.38168
83.859339
83.720955
83.957084
84.618423
85.638038
86.951486
88.468548
90.095832
91.684302
93.142862
94.437607
95.542159
96.464983
97.223119
97.810057
98.242205
87.005586
85.870584
85.080184
84.654113
84.60632
84.988912
85.806212
86.921863
88.307249
89.834402
91.372436
92.798184
94.093086
95.252154
96.244852
97.051159
97.659062
98.108372
98.459279
87.564731
86.481321
85.775858
85.468234
85.559557
86.070645
86.985588
88.22058
89.656701
91.151368
92.601061
93.926268
95.11994
96.133127
96.931586
97.522736
97.981728
98.354086
98.654406
88.04085
87.003753
86.354433
86.089584
86.288371
86.955375
87.975905
89.246794
90.667133
92.11758
93.487221
94.721979
95.797057
96.660081
97.316479
97.847253
98.300134
98.639128
98.882442
88.536757
87.545451
86.973154
86.852391
87.186806
87.949999
89.068811
90.421852
91.872915
93.280131
94.545762
95.628814
96.502012
97.195564
97.764779
98.250288
98.606198
98.854755
98.96386
88.860688
87.904395
87.373331
87.297771
87.718585
88.566184
89.736275
91.127421
92.583046
93.920334
95.078922
96.079939
96.932105
97.629686
98.145036
98.545034
98.834946
99.031475
99.202399
89.236759
88.300254
87.863777
87.940627
88.535382
89.575978
90.918651
92.385375
93.776777
95.003243
96.0711
96.950374
97.626757
98.170333
98.586488
98.815667
98.981543
99.139526
99.255805
89.387114
88.49233
88.065124
88.151484
88.77799
89.853096
91.210185
92.676894
94.112946
95.380215
96.397494
97.203798
97.885657
98.40032
98.720916
98.930684
99.150356
99.376125
99.533344
89.546366
88.594495
88.282778
88.634009
89.620913
91.029636
92.62767
94.207548
95.576131
96.602022
97.425771
98.14686
98.58806
98.883478
99.118212
99.298314
99.461041
99.547168
99.572448
39.351765
32.841848
25.340329
16.8336
7.860633
-1.3738507
-10.457164
-18.572554
-25.797003
-31.609861
-35.411135
-37.352362
-36.393165
-32.322727
-27.973455
-22.552114
-17.456075
-13.527597
-11.000853
39.475088
33.54268
26.779866
19.14868
11.044012
2.6135452
-5.7469564
-13.099427
-19.517505
-24.81584
-27.777283
-28.273163
-26.405797
-22.023859
-17.194657
-11.929071
-6.9945031
-3.1968513
-0.97424634
40.451042
35.464456
29.803435
23.377231
16.423698
9.2840713
2.16928
-4.0832434
-8.9310045
-12.092545
-13.371598
-12.203752
-9.9982096
-6.4114375
-1.9030208
2.6622395
7.4708109
11.302815
13.754505
43.641973
39.835922
35.490827
30.575412
25.263936
19.782629
14.488226
9.8261579
6.2655457
4.2614583
3.6299003
4.4279598
6.8096886
10.471808
15.370645
20.469063
25.845943
30.230082
32.965683
49.448682
46.955503
44.026957
40.781391
37.382468
33.961456
30.553696
27.601946
25.164384
23.744467
23.611093
24.696858
27.517021
31.796813
37.38233
43.256403
49.04263
53.323815
55.760441
56.952656
55.684401
53.953126
52.174159
50.430457
48.887929
47.509422
46.43112
45.815064
45.814732
46.972193
49.393595
53.093033
57.841301
62.996908
68.175863
72.883682
76.36516
78.032108
64.879154
64.58907
63.760335
63.063696
62.607115
62.491519
62.677929
63.204962
64.166928
65.734555
67.934898
70.930659
74.86097
79.37662
84.206759
89.1556
93.625089
96.967592
98.494558
72.391419
72.787297
72.629049
72.727646
73.192869
74.057615
75.247674
76.798015
78.710311
81.117621
84.147197
87.593224
91.532992
96.040361
100.86096
105.53519
109.22061
111.66924
112.67747
79.037884
79.815453
80.132982
80.740684
81.719617
83.102407
84.780252
86.763342
89.104154
91.785522
94.909081
98.504132
102.38135
106.52725
110.67106
114.50793
117.80532
120.27015
121.56747
84.505618
85.451407
86.011822
86.872036
88.049522
89.591767
91.38568
93.387368
95.712839
98.333659
101.23513
104.53997
108.09692
111.85551
115.6776
119.23734
122.22697
124.26434
125.15799
88.757388
89.744582
90.415634
91.367452
92.568633
94.064659
95.783332
97.622794
99.721671
102.02357
104.49428
107.24408
110.12366
113.12044
116.10712
118.81748
121.03515
122.53872
123.21125
91.905083
92.852915
93.558533
94.485986
95.606723
96.960836
98.491857
100.09713
101.88813
103.79562
105.82223
108.0079
110.24844
112.56677
114.84261
116.94878
118.71179
119.96029
120.5084
94.201077
95.066759
95.747856
96.590693
97.585104
98.745823
100.031
101.36615
102.82422
104.35588
105.96454
107.65205
109.36158
111.10036
112.77062
114.31169
115.59412
116.48766
116.84528
95.773163
96.532099
97.138279
97.88228
98.741825
99.711654
100.77454
101.86835
103.03826
104.24258
105.48145
106.75514
108.02986
109.28615
110.46594
111.53656
112.42849
113.04913
113.32746
96.876434
97.51328
98.032162
98.662732
99.3651
100.15445
101.00895
101.87705
102.7934
103.7214
104.67199
105.63138
106.57786
107.48448
108.32223
109.08084
109.71838
110.18845
110.42317
97.570754
98.09905
98.553541
99.080952
99.654035
100.3002
100.97856
101.66591
102.38717
103.10238
103.82731
104.54416
105.24874
105.92219
106.54416
107.11548
107.591
107.95548
108.12525
98.056212
98.473733
98.845173
99.269706
99.740842
100.25918
100.79198
101.33827
101.89642
102.44512
102.99645
103.54294
104.07859
104.58666
105.05281
105.46555
105.80473
106.06077
106.16111
98.350551
98.693308
99.006187
99.348319
99.718822
100.12677
100.55062
100.98166
101.41163
101.83309
102.25943
102.68591
103.08832
103.46871
103.8137
104.10499
104.34703
104.52101
104.58926
98.554314
98.812813
99.070282
99.360764
99.666001
99.990531
100.32413
100.65945
100.99502
101.33206
101.66781
101.98866
102.29527
102.58276
102.83929
103.05944
103.24147
103.37732
103.43722
98.720475
98.930963
99.132269
99.350162
99.588081
99.850513
100.11917
100.38647
100.6578
100.9236
101.18007
101.42275
101.65783
101.8752
102.06693
102.23585
102.36971
102.47359
102.52243
98.859765
99.020677
99.160568
99.327261
99.528009
99.738722
99.948876
100.16208
100.3737
100.57389
100.77174
100.96103
101.13949
101.30518
101.45032
101.57572
101.66868
101.73821
101.77193
99.116498
99.182197
99.251732
99.369599
99.518559
99.682701
99.848877
100.01289
100.16898
100.32101
100.4726
100.61526
100.74715
100.872
100.98303
101.07382
101.14084
101.19223
101.21706
99.079534
99.236171
99.385839
99.501884
99.595228
99.696515
99.806528
99.917916
100.03105
100.14583
100.25816
100.36397
100.46259
100.5556
100.63646
100.7041
100.7577
100.80074
100.81901
99.359493
99.432177
99.498274
99.559558
99.628744
99.707171
99.785902
99.867648
99.952913
100.03707
100.11871
100.19595
100.26691
100.33313
100.39162
100.44357
100.48257
100.50959
100.52073
99.319465
99.42944
99.503345
99.573124
99.651
99.721505
99.784146
99.845816
99.905676
99.963397
100.02187
100.07895
100.1304
100.17665
100.21791
100.25102
100.27946
100.30411
100.30256
99.642039
99.687994
99.693435
99.707415
99.740224
99.778993
99.820414
99.862378
99.902264
99.941149
99.979609
100.01591
100.05057
100.08338
100.11288
100.13821
100.15865
100.1753
100.18559
99.594252
99.685706
99.758366
99.802352
99.832415
99.859903
99.884882
99.908955
99.932934
99.956087
99.976202
99.992514
100.0064
100.02021
100.03275
100.05026
100.0699
100.0915
100.11811
-11.280601
-14.148822
-18.621066
-23.824675
-29.547113
-34.088581
-38.105181
-39.050749
-36.869809
-32.921313
-26.853327
-19.378277
-11.049478
-1.7676518
7.6014358
16.684922
25.27869
32.839634
39.396528
-1.167619
-3.7858775
-8.1350883
-13.279122
-18.868936
-23.789687
-28.249047
-30.04397
-29.394228
-26.305495
-20.789271
-14.144435
-6.5721081
1.9918298
10.578314
18.813076
26.562082
33.419525
39.416442
13.534494
10.719268
6.4745704
1.3847021
-3.449688
-8.0595957
-11.881771
-14.005921
-15.031356
-13.635861
-10.228286
-5.2125314
1.23924
8.5397098
15.822907
22.909426
29.470265
35.229617
40.291324
32.859741
29.802035
25.075814
19.381518
14.023302
9.0010342
5.2736376
2.940278
2.1570437
2.9523246
5.0863137
8.7378294
13.592411
19.009157
24.6221
30.062704
35.084386
39.525885
43.403463
55.721036
52.947681
48.374934
42.263164
36.192576
30.465298
26.147951
23.369876
22.329472
22.602432
24.098632
26.67361
29.746885
33.242332
36.789446
40.273591
43.605377
46.613115
49.173039
77.954662
75.968208
72.104169
67.097304
61.79273
56.51442
51.771783
48.12727
45.786293
44.746389
44.847275
45.604216
46.782497
48.263649
49.890339
51.703729
53.561748
55.344651
56.669412
98.039008
95.831551
92.21739
87.5403
82.629125
77.870874
73.500773
69.726018
66.884192
64.830552
63.349534
62.498066
62.04705
61.945846
62.126716
62.640154
63.405799
64.274142
64.607119
112.39877
110.94451
108.21991
104.30488
99.585275
94.786331
90.396412
86.585033
83.273064
80.353926
78.047583
76.21541
74.731717
73.600862
72.782895
72.364011
72.311376
72.515637
72.149188
121.39934
119.94076
117.32863
113.91764
110.0216
105.83342
101.71688
97.837298
94.26424
91.202975
88.585029
86.298975
84.367016
82.733906
81.384351
80.442443
79.866428
79.588633
78.834706
125.11924
124.11885
121.9245
118.86781
115.26338
111.43261
107.69705
104.13713
100.84694
97.973264
95.366592
93.059753
91.082497
89.319681
87.795124
86.639926
85.805236
85.265255
84.331735
123.21142
122.46288
120.87603
118.60548
115.85895
112.8606
109.87128
106.98833
104.24895
101.80144
99.503458
97.407909
95.583088
93.883023
92.388163
91.199118
90.265363
89.598044
88.61493
120.49202
119.89031
118.59499
116.80602
114.68831
112.40983
110.09466
107.85
105.66464
103.65305
101.7476
99.955233
98.359595
96.835958
95.481958
94.369294
93.453368
92.74568
91.79646
116.83715
116.43963
115.52067
114.22242
112.67842
111.00911
109.27248
107.56103
105.87008
104.2675
102.73727
101.27543
99.944541
98.663637
97.502377
96.512131
95.674759
94.993291
94.126605
113.33005
113.03642
112.40266
111.50111
110.42706
109.24621
107.98764
106.70996
105.43163
104.1916
102.98779
101.81397
100.7197
99.656558
98.686829
97.830723
97.086521
96.477226
95.723394
110.43098
110.20057
109.723
109.07947
108.31676
107.47659
106.56568
105.6144
104.65014
103.69554
102.76588
101.84636
100.97907
100.124
99.331998
98.630143
97.99864
97.471575
96.830433
108.1305
107.96888
107.59956
107.12228
106.54756
105.92378
105.24738
104.53947
103.81888
103.09039
102.37303
101.64953
100.96046
100.28159
99.633629
99.059188
98.528799
98.069035
97.541903
106.16257
106.06156
105.80643
105.46889
105.05422
104.58814
104.07812
103.5403
102.99231
102.43848
101.88761
101.32737
100.7802
100.24661
99.727238
99.257307
98.827871
98.444333
98.032576
104.59001
104.51506
104.34455
104.10449
103.8127
103.46838
103.08723
102.68283
102.25667
101.8294
101.40609
100.97426
100.54248
100.1203
99.712454
99.339373
98.994064
98.675136
98.32666
103.44057
103.37519
103.24205
103.05973
102.83961
102.58293
102.29478
101.98695
101.66539
101.32915
100.99189
100.6548
100.31743
99.984885
99.663445
99.358161
99.064677
98.801957
98.534353
102.52697
102.47596
102.37363
102.23844
102.06815
101.87548
101.65843
101.42289
101.1794
100.92131
100.65561
100.38442
100.11561
99.846113
99.585053
99.349843
99.13072
98.920454
98.703136
101.77176
101.73794
101.6692
101.57679
101.45137
101.30565
101.13944
100.96054
100.77189
100.57296
100.37104
100.15981
99.946611
99.735564
99.524748
99.325645
99.160181
99.01848
98.852914
101.21049
101.19032
101.137
101.07062
100.98032
100.86975
100.7447
100.61227
100.4701
100.31854
100.16484
100.00775
99.843169
99.676575
99.512382
99.362906
99.24482
99.176243
99.112891
100.81237
100.79802
100.75545
100.70293
100.63451
100.55296
100.45988
100.36068
100.25466
100.14249
100.02751
99.91369
99.801381
99.691073
99.589026
99.494071
99.376992
99.226161
99.070469
100.5152
100.50542
100.47941
100.44219
100.38971
100.33127
100.26495
100.19387
100.11623
100.03399
99.949312
99.863794
99.7813
99.702005
99.623533
99.553885
99.491991
99.425569
99.352516
100.30043
100.30228
100.27071
100.24336
100.21337
100.17322
100.12731
100.07574
100.01767
99.957874
99.899197
99.839256
99.777885
99.715068
99.64413
99.565853
99.495872
99.421299
99.311145
100.18064
100.17469
100.16203
100.13904
100.11135
100.0808
100.04662
100.01093
99.974494
99.936444
99.897983
99.857981
99.815691
99.773577
99.734921
99.70262
99.688334
99.68258
99.635495
100.1186
100.09243
100.06932
100.04987
100.03167
100.01914
100.00568
99.992138
99.975953
99.955848
99.932785
99.908222
99.883626
99.858115
99.830468
99.800339
99.756289
99.683532
99.591405
44.999741
49.792808
53.91103
57.383354
60.319555
62.783815
64.855929
66.585619
68.021531
69.237241
70.252747
71.106692
71.793642
72.379655
72.89318
73.379794
73.879142
74.396866
74.943181
44.519247
48.995489
52.94727
56.361527
59.33844
61.881926
64.088536
65.971724
67.584742
68.96854
70.1452
71.138208
71.949267
72.643636
73.250086
73.808812
74.374653
74.953888
75.573051
44.659067
48.600776
52.195029
55.441328
58.360503
60.95158
63.26234
65.277046
67.053585
68.582881
69.898854
71.021
71.965982
72.787969
73.507028
74.164287
74.808272
75.473955
76.177753
46.711381
49.73405
52.66355
55.459164
58.104633
60.550485
62.813997
64.851955
66.692371
68.305022
69.727527
70.945541
72.014573
72.935439
73.766246
74.516429
75.243885
75.98986
76.787223
51.068525
52.752679
54.652369
56.679147
58.779986
60.858424
62.894356
64.810861
66.605625
68.224856
69.686601
70.96809
72.123861
73.121588
74.049979
74.886527
75.705846
76.513047
77.409236
57.109039
57.409141
58.116348
59.156847
60.467927
61.963977
63.57876
65.216399
66.84643
68.378097
69.816561
71.115965
72.309391
73.370739
74.359405
75.272342
76.18717
77.060638
78.031734
63.807846
62.960038
62.574388
62.612091
63.057125
63.836404
64.884212
66.110033
67.443151
68.792884
70.139673
71.397986
72.577693
73.679621
74.706463
75.675864
76.667968
77.637242
78.653028
70.50289
68.815044
67.545014
66.712344
66.332586
66.365183
66.777199
67.487445
68.428966
69.511119
70.676906
71.833112
72.966752
74.068563
75.113656
76.124088
77.145924
78.214425
79.30205
76.746477
74.525358
72.618016
71.108153
70.034341
69.389538
69.169996
69.325464
69.810376
70.539858
71.445979
72.442191
73.487799
74.531967
75.569031
76.61124
77.659695
78.783999
79.960195
82.169588
79.763155
77.492645
75.517611
73.90436
72.69931
71.915193
71.536369
71.543771
71.87714
72.47142
73.248833
74.14759
75.098275
76.095867
77.141286
78.222242
79.375497
80.608474
86.618225
84.306347
81.935386
79.715101
77.739967
76.106217
74.852969
74.005556
73.554235
73.47697
73.728141
74.247218
74.954318
75.782463
76.710393
77.719615
78.802857
79.982795
81.25906
90.055499
87.996299
85.764061
83.525226
81.377198
79.461307
77.844888
76.604916
75.751505
75.287493
75.187199
75.417995
75.900549
76.577121
77.403964
78.357456
79.423878
80.611977
81.918641
92.668801
90.913463
88.928355
86.829666
84.677926
82.633305
80.77757
79.233734
78.038054
77.226788
76.793002
76.725996
76.965217
77.470276
78.171041
79.057467
80.091625
81.261832
82.570164
94.537303
93.077849
91.376839
89.516554
87.512881
85.503711
83.553638
81.811016
80.343357
79.239462
78.503114
78.149269
78.139889
78.453929
79.007311
79.795225
80.774362
81.930094
83.229808
95.903248
94.71954
93.299381
91.695744
89.911668
88.02415
86.093978
84.260496
82.604731
81.262026
80.258791
79.636873
79.386674
79.496953
79.89919
80.57407
81.478151
82.608135
83.899744
96.810776
95.882209
94.710295
93.338602
91.789047
90.091117
88.28163
86.466019
84.733519
83.228385
82.017511
81.160495
80.679539
80.59125
80.832416
81.384683
82.19874
83.276323
84.561736
97.483113
96.757472
95.818613
94.681857
93.347405
91.844095
90.204267
88.476962
86.742118
85.128795
83.751932
82.702262
82.001945
81.707841
81.790927
82.212376
82.938207
83.948156
85.217069
97.892757
97.33504
96.59921
95.665006
94.532037
93.202896
91.708184
90.105696
88.447576
86.839354
85.37639
84.168422
83.301485
82.825503
82.753972
83.042924
83.677734
84.612023
85.846412
98.214455
97.790873
97.205874
96.450829
95.527118
94.419207
93.117782
91.655275
90.064842
88.437553
86.927205
85.615344
84.602709
83.954584
83.725894
83.874378
84.40038
85.270801
86.458218
98.443293
98.094519
97.642416
97.036302
96.23053
95.239925
94.084984
92.782267
91.351856
89.809231
88.284491
86.905829
85.790418
84.985171
84.609791
84.664081
85.097339
85.894311
87.034042
98.636376
98.337331
97.967303
97.508028
96.915704
96.116139
95.100199
93.909109
92.582903
91.132736
89.634677
88.202997
86.971048
86.062139
85.562352
85.474755
85.789521
86.5035
87.592767
98.875507
98.625095
98.286175
97.836353
97.304614
96.647835
95.784234
94.706402
93.470792
92.101839
90.651892
89.232225
87.962861
86.94797
86.29082
86.098892
86.366238
87.02337
88.065762
98.955412
98.843142
98.593906
98.237507
97.751284
97.185392
96.493661
95.618658
94.533203
93.264512
91.858578
90.407779
89.056522
87.94061
87.185961
86.857426
86.983139
87.562112
88.559794
99.194037
99.020932
98.822916
98.53138
98.130345
97.615684
96.929975
96.070333
95.067443
93.908023
92.570211
91.115472
89.725169
88.558496
87.717813
87.30462
87.3837
87.919891
88.881723
99.247534
99.129006
98.969051
98.801016
98.568817
98.148931
97.596312
96.934951
96.058591
94.990667
93.764663
92.373526
90.907334
89.566472
88.531329
87.943989
87.872851
88.315022
89.256149
99.526782
99.368121
99.14093
98.918995
98.706281
98.383391
97.865459
97.182828
96.379725
95.364928
94.100033
92.665682
91.199858
89.844737
88.774133
88.153983
88.07354
88.506065
89.405292
99.568279
99.541913
99.454709
99.290949
99.109037
98.872595
98.574071
98.129588
97.409036
96.585218
95.560766
94.194254
92.616685
91.020371
89.61539
88.634653
88.286125
88.608334
89.563501
75.536663
76.203319
76.965089
77.822371
78.780616
79.83716
80.987189
82.270472
83.656097
85.1399
86.726985
88.390441
90.13152
91.936903
93.790164
95.688924
97.625072
99.558216
101.52438
76.226173
76.937741
77.741387
78.652629
79.653238
80.770714
81.960315
83.263311
84.66534
86.146999
87.720617
89.361011
91.059006
92.81008
94.593984
96.396828
98.233875
100.03976
101.85094
76.901894
77.664876
78.511662
79.477842
80.512738
81.66657
82.903171
84.225982
85.64736
87.134959
88.688496
90.304651
91.960211
93.650506
95.365196
97.067165
98.791105
100.48387
102.14108
77.580866
78.402847
79.289031
80.303078
81.376561
82.550862
83.821875
85.16074
86.586837
88.079421
89.617646
91.2013
92.818198
94.433846
96.071427
97.677927
99.276478
100.85567
102.38549
78.259273
79.137301
80.068064
81.111066
82.22433
83.41911
84.713249
86.064374
87.490561
88.966572
90.491639
92.034062
93.601135
95.145994
96.689108
98.2099
99.684814
101.14514
102.56402
78.953185
79.864458
80.851074
81.909714
83.064285
84.277317
85.58698
86.946162
88.369425
89.820594
91.316844
92.818857
94.32425
95.798406
97.239855
98.667155
100.04024
101.37212
102.68133
79.659851
80.592562
81.624384
82.702491
83.880401
85.110882
86.420471
87.779182
89.188247
90.624538
92.081052
93.539386
94.97092
96.378077
97.73155
99.047717
100.32895
101.56231
102.7539
80.35806
81.323625
82.37519
83.486771
84.667569
85.919186
87.228077
88.58493
89.971355
91.389097
92.797765
94.200318
95.559839
96.878889
98.157887
99.379349
100.55358
101.69495
102.78347
81.05484
82.054325
83.120036
84.253472
85.445146
86.702008
88.005332
89.350798
90.710752
92.095424
93.455434
94.789605
96.084026
97.321406
98.50949
99.653336
100.73022
101.77112
102.76799
81.752897
82.771974
83.853039
84.997627
86.194931
87.449961
88.743805
90.069834
91.4035
92.744622
94.052516
95.323574
96.553511
97.723572
98.820767
99.870928
100.86183
101.80898
102.72793
82.443362
83.477414
84.571493
85.723749
86.923154
88.169772
89.449784
90.750521
92.050283
93.345354
94.601678
95.810362
96.96476
98.057375
99.076173
100.04064
100.96056
101.8338
102.66664
83.13467
84.177682
85.273224
86.425372
87.624813
88.855019
90.113846
91.386181
92.645324
93.887499
95.094562
96.244672
97.32881
98.346834
99.298997
100.1887
101.03018
101.81985
102.5677
83.81064
84.859088
85.958038
87.102015
88.294392
89.50944
90.747545
91.984893
93.209478
94.392111
95.544971
96.636778
97.653085
98.600637
99.485246
100.30187
101.06586
101.77671
102.45568
84.486259
85.527433
86.62878
87.763057
88.937352
90.129993
91.338275
92.527996
93.714114
94.848401
95.940799
96.974896
97.931167
98.81184
99.635776
100.39161
101.08672
101.73089
102.34241
85.152721
86.179581
87.267568
88.389652
89.543497
90.709734
91.884392
93.045403
94.189276
95.281825
96.311209
97.277353
98.179277
99.002376
99.76496
100.46356
101.09149
101.66864
102.22937
85.803804
86.822352
87.890466
88.997979
90.129033
91.271819
92.421632
93.541239
94.620361
95.655452
96.62946
97.535336
98.387708
99.16887
99.87518
100.52195
101.10538
101.6364
102.142
86.441285
87.442025
88.484167
89.567933
90.673754
91.78402
92.880273
93.96213
95.010527
95.99922
96.933916
97.799062
98.594549
99.324371
99.97871
100.57084
101.10644
101.58969
102.04145
87.047752
88.028378
89.051442
90.111315
91.195487
92.280282
93.349629
94.396055
95.395122
96.328058
97.204988
98.018709
98.759943
99.441855
100.05849
100.61859
101.12583
101.57445
101.9848
87.636055
88.593685
89.594869
90.627391
91.679596
92.730021
93.760477
94.755914
95.712249
96.61159
97.449034
98.231255
98.938375
99.584587
100.1752
100.69637
101.1544
101.55763
101.92656
88.184419
89.117444
90.093638
91.102495
92.128435
93.150308
94.149639
95.119229
96.042187
96.904281
97.70162
98.442147
99.106935
99.709312
100.26233
100.74721
101.17287
101.55614
101.9016
88.714155
89.619992
90.570933
91.558565
92.561451
93.554376
94.529307
95.461679
96.339802
97.163253
97.923548
98.632296
99.273081
99.850842
100.38641
100.85116
101.24925
101.60452
101.91333
89.167627
90.051092
90.981727
91.947883
92.935289
93.899389
94.835077
95.745501
96.604188
97.421901
98.174758
98.858364
99.472966
100.01561
100.51211
100.94055
101.30011
101.63133
101.91587
89.633616
90.502257
91.41864
92.370446
93.344256
94.297842
95.223007
96.131629
96.968018
97.736149
98.44814
99.080636
99.651611
100.1723
100.64568
101.05904
101.41588
101.73391
101.98976
89.946827
90.796511
91.69467
92.636298
93.596714
94.537389
95.4462
96.329673
97.152103
97.913188
98.635963
99.288013
99.864169
100.38684
100.83721
101.21646
101.53903
101.80414
102.02096
90.326811
91.184814
92.0952
93.05694
94.034115
95.002792
95.940543
96.830606
97.658705
98.400569
99.07414
99.668575
100.17888
100.63516
101.02503
101.36451
101.67053
101.90757
102.08726
90.470318
91.315895
92.223154
93.179228
94.157995
95.118087
96.039604
96.917073
97.731122
98.475271
99.165496
99.780435
100.32071
100.79675
101.2084
101.55311
101.82455
102.0265
102.16036
90.704906
91.625153
92.600819
93.620947
94.675503
95.721669
96.722269
97.677423
98.521308
99.253977
99.89469
100.44565
100.91701
101.30717
101.61826
101.85951
102.03313
102.14056
102.18679
103.46368
105.39552
107.34275
109.24561
111.13865
112.9596
114.72656
116.42119
118.00699
119.50019
120.87336
122.14513
123.26149
124.24505
125.07073
125.7423
126.25307
126.59644
126.76456
103.64815
105.43207
107.23142
109.0104
110.77666
112.49977
114.16419
115.76063
117.27098
118.69343
120.00872
121.22755
122.3043
123.24676
124.04165
124.68766
125.18021
125.51306
125.67493
103.78554
105.44104
107.10208
108.75099
110.3981
112.02013
113.58172
115.08453
116.51603
117.86911
119.12677
120.28636
121.319
122.22411
122.99013
123.61499
124.08876
124.41331
124.57002
103.88333
105.40169
106.94482
108.48516
110.00813
111.51495
112.97788
114.39077
115.74568
117.0326
118.2295
119.33257
120.31662
121.18739
121.92719
122.53317
122.99348
123.29873
123.44368
103.94951
105.34788
106.75844
108.18725
109.60589
110.99716
112.35541
113.68713
114.96762
116.18302
117.31809
118.36928
119.30892
120.14093
120.85709
121.44257
121.87487
122.16192
122.30447
103.95982
105.25225
106.55048
107.8583
109.16001
110.45383
111.72533
112.9797
114.18324
115.32879
116.40566
117.40569
118.30622
119.10133
119.78305
120.33403
120.75726
121.04123
121.17183
103.91587
105.10527
106.30264
107.51004
108.71346
109.918
111.11414
112.28703
113.40959
114.48437
115.50126
116.45036
117.30991
118.07034
118.71391
119.23717
119.64197
119.91125
120.05126
103.84129
104.93273
106.03419
107.14535
108.26542
109.38549
110.49071
111.58097
112.63369
113.65039
114.61476
115.5074
116.31602
117.03938
117.65136
118.1597
118.55095
118.8151
118.94176
103.7286
104.73005
105.74501
106.77215
107.80727
108.84726
109.87356
110.88687
111.87027
112.8306
113.7422
114.58298
115.34794
116.03181
116.62306
117.10811
117.47392
117.72048
117.85849
103.60721
104.52371
105.45242
106.39761
107.35521
108.31114
109.25673
110.19553
111.11942
112.01842
112.87228
113.66572
114.39839
115.04777
115.61186
116.06982
116.42217
116.66599
116.77263
103.45818
104.28714
105.13654
106.00805
106.89147
107.77424
108.6583
109.54869
110.42105
111.25764
112.04849
112.79408
113.48536
114.10317
114.63509
115.07196
115.40542
115.62618
115.73334
103.28256
104.04465
104.83547
105.64701
106.45804
107.2694
108.09782
108.92764
109.72628
110.49831
111.23853
111.94574
112.59519
113.18328
113.68354
114.08794
114.41402
114.64372
114.74845
103.11355
103.81485
104.53923
105.27235
106.00986
106.77038
107.53859
108.29603
109.03586
109.77023
110.48197
111.15155
111.75568
112.29697
112.76703
113.15526
113.46939
113.67438
113.78499
102.94008
103.58007
104.23847
104.90719
105.59205
106.30019
107.01212
107.71544
108.41035
109.10317
109.76025
110.37102
110.93994
111.4557
111.90309
112.28504
112.56069
112.74497
112.84318
102.78187
103.37003
103.96439
104.57374
105.20812
105.85754
106.50482
107.15045
107.81103
108.45828
109.06189
109.63781
110.18545
110.67358
111.09083
111.44507
111.70743
111.87226
111.96638
102.63477
103.15987
103.69796
104.2634
104.85128
105.44851
106.04626
106.65834
107.26998
107.85421
108.41891
108.96616
109.47625
109.92504
110.31642
110.63462
110.88358
111.08367
111.17353
102.48356
102.96993
103.47847
104.01006
104.55073
105.09049
105.64443
106.20981
106.76247
107.29786
107.82426
108.33611
108.80039
109.21523
109.59489
109.90341
110.15031
110.30488
110.37817
102.38618
102.83562
103.29313
103.76092
104.23751
104.73515
105.25245
105.76933
106.27674
106.78778
107.28949
107.75573
108.17739
108.57373
108.92246
109.21069
109.43012
109.58318
109.66311
102.28174
102.6775
103.09258
103.53008
103.9852
104.45348
104.92132
105.38668
105.85898
106.33291
106.79262
107.22173
107.62656
108.00515
108.32474
108.59143
108.80134
108.93446
108.99575
102.2278
102.59983
102.9875
103.38458
103.78331
104.19122
104.61455
105.04679
105.47973
105.90246
106.32368
106.72875
107.12363
107.47621
107.76952
108.01342
108.2017
108.34128
108.42784
102.19329
102.51142
102.84417
103.19063
103.55647
103.94932
104.35259
104.75633
105.16021
105.57042
105.96097
106.33722
106.68815
106.98832
107.26372
107.50999
107.69971
107.82834
107.8705
102.16893
102.46592
102.77818
103.10856
103.45841
103.81692
104.17332
104.53558
104.90931
105.27439
105.62433
105.96329
106.26983
106.56496
106.83727
107.04941
107.19376
107.29903
107.37471
102.20415
102.45901
102.72052
103.00084
103.29867
103.60863
103.93313
104.27258
104.60998
104.94487
105.27912
105.60398
105.91644
106.19386
106.42457
106.61175
106.77769
106.89541
106.94824
102.18841
102.39362
102.62514
102.87703
103.14954
103.4368
103.73959
104.04623
104.35889
104.67762
104.9941
105.3015
105.58269
105.83792
106.06901
106.27631
106.44363
106.53071
106.57573
102.23317
102.40203
102.58318
102.7855
103.00966
103.25636
103.52325
103.80991
104.11234
104.41681
104.72011
105.00905
105.28427
105.54463
105.77844
105.97644
106.11685
106.22825
106.28884
102.23777
102.34487
102.48333
102.65379
102.85194
103.0797
103.33055
103.60344
103.89158
104.18891
104.48472
104.7762
105.0597
105.32203
105.55234
105.74554
105.90411
106.01819
106.0665
102.21025
102.28561
102.39997
102.54822
102.72704
102.93308
103.16738
103.42449
103.70079
103.99569
104.29918
104.60262
104.89525
105.168
105.41269
105.62088
105.78506
105.89524
105.95664
105.95587
105.89437
105.7822
105.61892
105.41094
105.16527
104.89168
104.59745
104.29288
103.98845
103.69451
103.41759
103.15733
102.9218
102.71604
102.53811
102.38983
102.27424
102.19797
106.06647
106.01741
105.9045
105.74483
105.54927
105.31921
105.05515
104.76943
104.4775
104.18142
103.88359
103.59493
103.32177
103.06794
102.83776
102.63861
102.46871
102.33261
102.22494
106.28896
106.22554
106.11632
105.97316
105.77708
105.54079
105.27941
105.00622
104.71743
104.41308
104.10612
103.80211
103.51442
103.24549
102.99715
102.7707
102.5678
102.3856
102.21772
106.57473
106.53086
106.442
106.27614
106.06773
105.83622
105.57983
105.29711
104.98824
104.66937
104.34858
104.03526
103.72736
103.42603
103.13874
102.86411
102.60868
102.37533
102.16899
106.94735
106.8976
106.77576
106.60964
106.41943
106.18796
105.90755
105.59448
105.26812
104.93412
104.60179
104.2634
103.92335
103.59886
103.28561
102.98501
102.70284
102.44112
102.18956
107.37548
107.29554
107.19146
107.04587
106.83379
106.55945
106.26512
105.95877
105.62041
105.27104
104.90376
104.52638
104.16198
103.80234
103.44383
103.0957
102.76579
102.45157
102.15614
107.8681
107.82651
107.69997
107.50897
107.26486
106.98649
106.68705
106.33637
105.95916
105.56694
105.15411
104.74963
104.34689
103.9447
103.54888
103.17796
102.83089
102.50162
102.18461
108.4237
108.34002
108.19964
108.01188
107.76735
107.47706
107.12407
106.72682
106.32138
105.90218
105.48043
105.04602
104.61022
104.18136
103.7691
103.37313
102.97979
102.59172
102.21986
109.00033
108.93901
108.80247
108.59316
108.32241
108.00654
107.62484
107.21864
106.78996
106.32849
105.85377
105.37922
104.91192
104.44498
103.98045
103.52602
103.08454
102.66494
102.26877
109.66675
109.58559
109.43688
109.21058
108.91999
108.56666
108.17188
107.75252
107.28481
106.78235
106.27086
105.76637
105.25156
104.7323
104.23068
103.74681
103.27666
102.82003
102.37015
110.37875
110.29535
110.14086
109.8959
109.58987
109.20793
108.79359
108.329
107.81885
107.29322
106.75499
106.20273
105.63818
105.08166
104.53891
103.99789
103.46529
102.9546
102.46388
111.17082
111.08048
110.8708
110.62509
110.31008
109.9194
109.46947
108.95612
108.40711
107.8435
107.25849
106.6461
106.03184
105.43397
104.83636
104.24585
103.67546
103.13405
102.60662
111.96073
111.87566
111.70746
111.44117
111.08445
110.66605
110.17704
109.62782
109.0492
108.44242
107.79414
107.1315
106.48366
105.83721
105.18745
104.54944
103.93605
103.33892
102.75028
112.84172
112.74745
112.56219
112.28217
111.89464
111.44575
110.92643
110.35678
109.74714
109.08504
108.39213
107.69699
106.99448
106.28318
105.57378
104.884
104.20956
103.54798
102.90411
113.78748
113.66711
113.46114
113.14671
112.75735
112.28751
111.74265
111.13588
110.46401
109.74996
109.01848
108.27533
107.51571
106.74507
105.97938
105.23778
104.50169
103.77376
103.06659
114.74951
114.63564
114.40359
114.07673
113.67361
113.17143
112.5828
111.9315
111.21931
110.47682
109.70035
108.90031
108.06719
107.23605
106.42258
105.60994
104.79527
104.00159
103.23759
115.73092
115.62306
115.40264
115.06836
114.62773
114.09034
113.47124
112.78117
112.03167
111.24079
110.39682
109.51922
108.6269
107.74122
106.85267
105.96376
105.09083
104.24191
103.41547
116.76989
116.66592
116.42179
116.06575
115.60245
115.03487
114.38119
113.64854
112.8517
111.99619
111.09627
110.16604
109.22361
108.27241
107.31131
106.35164
105.40624
104.47934
103.56646
117.85689
117.71903
117.4678
117.0944
116.60718
116.01529
115.32659
114.55892
113.71816
112.80485
111.84162
110.85472
109.83752
108.80395
107.75998
106.72469
105.6991
104.6878
103.69181
118.93933
118.80787
118.53817
118.14269
117.63241
117.01552
116.29039
115.47799
114.58231
113.61589
112.59224
111.53431
110.43784
109.32848
108.20944
107.0929
105.98909
104.89625
103.8123
120.04859
119.8976
119.62221
119.21747
118.68803
118.03713
117.27567
116.40823
115.45143
114.43332
113.35436
112.22857
111.05176
109.85347
108.65237
107.45699
106.26321
105.07744
103.89296
121.17002
121.02698
120.73625
120.30917
119.74974
119.0584
118.25789
117.34785
116.34081
115.26191
114.1126
112.90329
111.64865
110.38103
109.09693
107.80943
106.51758
105.22833
103.9407
122.29979
122.14767
121.84981
121.40707
120.81121
120.08221
119.24197
118.29472
117.24075
116.09963
114.87887
113.59444
112.27016
110.92656
109.55185
108.1501
106.73826
105.33651
103.94287
123.43738
123.27717
122.95857
122.48486
121.86585
121.11747
120.24021
119.24869
118.14213
116.93974
115.64972
114.30055
112.90295
111.45873
109.9693
108.46416
106.93671
105.39802
103.8814
124.56384
124.38702
124.04574
123.55735
122.91846
122.14891
121.23765
120.19696
119.0332
117.77685
116.43063
115.01361
113.52794
111.98196
110.37466
108.74271
107.10301
105.44458
103.79064
125.66839
125.49077
125.14343
124.63304
123.97569
123.17871
122.23075
121.14899
119.93318
118.62635
117.21637
115.71928
114.13693
112.48416
110.77152
109.01725
107.24597
105.44599
103.66022
126.76117
126.58535
126.23199
125.70773
125.03061
124.20538
123.21852
122.10531
120.84331
119.47973
117.99743
116.4211
114.73346
112.97206
111.15964
109.27388
107.37303
105.4215
103.4822
100.98672
99.811947
98.157539
95.943154
92.739399
88.497265
81.200404
77.15566
58.106511
98.796227
97.301996
95.274948
92.621527
88.941286
84.204927
75.80221
71.794028
50.800857
96.632713
94.825804
92.447714
89.36092
85.224464
80.086207
70.504735
66.630902
43.756342
94.501617
92.40256
89.710947
86.19574
81.603577
76.188877
65.355489
61.752861
36.966288
92.415156
90.044326
87.078945
83.174196
78.068607
72.567187
60.323876
57.192629
30.511711
90.398273
87.769921
84.565594
80.365072
74.624826
69.279164
55.480739
52.993962
24.42725
88.460394
85.603466
82.169665
77.800961
71.268423
66.358273
50.851841
49.193942
18.878679
86.607675
83.564753
79.886217
75.519575
68.037414
63.828125
46.52951
45.804194
13.843325
84.848165
81.687656
77.703793
73.52517
64.944153
61.696543
42.58782
42.811473
9.4359932
83.193643
80.021612
75.629113
71.841177
62.070724
59.924248
39.161201
40.239011
5.6941533
81.632324
78.564399
73.66223
70.443777
59.494839
58.46445
36.369059
38.052126
2.83924
80.187697
77.312922
71.84249
69.312762
57.340642
57.218395
34.341252
36.290586
0.80353658
78.859014
76.239663
70.223998
68.361122
55.733255
56.117902
33.167112
34.943245
-0.30012218
77.663718
75.293228
68.925089
67.482422
54.792359
55.111595
32.877681
34.063725
-0.51957043
76.620241
74.406956
68.018767
66.597521
54.552749
54.238099
33.43819
33.713681
0.19350694
75.725589
73.544664
67.529847
65.742839
54.932942
53.608124
34.73806
34.06161
1.7635473
74.979853
72.728763
67.349282
65.075153
55.684791
53.480169
36.47338
35.314866
4.2536557
74.348649
72.023574
67.359299
64.721437
56.670596
53.947424
38.588715
37.530923
7.6190503
73.811791
71.467316
67.470874
64.713718
57.835456
55.031056
41.049772
40.690107
11.980956
73.342541
72.924395
72.538349
72.178712
71.816237
71.445433
71.020653
70.507572
69.827734
68.960835
67.861389
66.529272
64.894541
62.942704
60.552009
57.645534
54.152983
49.920438
44.846192
71.068759
70.810849
70.667152
70.601612
70.582297
70.571761
70.550648
70.446559
70.15783
69.656597
68.912889
67.881717
66.510969
64.783557
62.570247
59.83743
56.458559
52.321589
47.251569
67.675013
67.968304
68.359757
68.818943
69.330539
69.828855
70.302581
70.656672
70.942238
71.03485
70.936762
70.4737
69.647555
68.416676
66.743241
64.546327
61.699335
58.089155
53.458964
65.038691
65.630797
66.437605
67.383568
68.43348
69.507351
70.579857
71.585946
72.506789
73.296639
73.867074
74.127999
74.05297
73.591534
72.747799
71.40625
69.474103
66.632093
62.837879
59.204777
60.778607
62.572687
64.539765
66.641301
68.769949
70.85169
72.765867
74.502511
76.038144
77.405587
78.546652
79.375533
79.896062
80.102333
79.937021
79.184259
77.420776
74.580478
56.662435
58.747589
61.158905
63.793822
66.553557
69.326612
72.038205
74.5623
76.837213
78.83307
80.744134
82.597203
84.408758
86.136448
87.68024
88.662749
88.790179
87.978893
84.430156
43.94354
47.263597
51.117623
55.403867
60.100304
64.962538
69.8823
74.505026
78.631992
81.641396
83.490892
84.49226
85.899125
89.133703
92.612967
94.405351
94.851134
93.79444
91.038079
44.771115
49.606386
55.091713
60.995851
67.236999
73.513169
79.65768
85.26348
89.797017
92.293311
91.907895
87.61583
84.136281
88.206422
93.312585
94.698326
95.228896
94.851393
93.644761
17.254198
23.602486
30.843989
39.055224
48.05948
57.896389
67.985488
78.126847
86.863839
93.460102
93.893054
90.439518
89.582239
88.276531
88.001464
89.508281
91.125607
90.848408
89.813486
38.760589
31.632332
23.473388
14.534204
5.4693671
-3.8929901
-13.333864
-21.985989
-29.74525
-35.247164
-38.726459
-40.933454
-39.955253
-36.531281
-32.504361
-27.491713
-22.979297
-19.254799
-17.071397
41.098493
33.91111
26.127813
17.907095
9.1563729
-0.12077018
-8.7729059
-17.004914
-25.259719
-30.642398
-34.059444
-36.326063
-35.485626
-32.403951
-28.468343
-23.891052
-19.531191
-16.235972
-14.795159
47.884594
41.404106
33.842764
25.541039
16.738941
7.6836733
0.32106348
-6.7784613
-13.451634
-17.91011
-20.421831
-21.296082
-20.63949
-18.784638
-15.908302
-12.170133
-8.5440862
-5.2403929
-3.5169427
58.145622
51.685435
44.142755
36.332567
27.876877
18.387874
10.860131
4.3146458
-1.4751175
-5.4057741
-7.4922631
-7.6142526
-6.0523455
-3.3774564
0.050867984
4.0351151
7.9626713
11.49121
13.155464
69.679575
63.503433
56.117934
47.521354
38.843459
30.331955
23.006215
16.841018
11.945481
8.6396505
7.0983553
7.4043601
9.5715432
12.966829
17.5328
22.521671
27.018785
30.85302
32.918901
79.256827
72.833621
65.3777
57.966651
50.055105
41.867485
34.621738
28.73941
24.59931
22.243903
21.716981
22.940054
25.899523
30.234669
35.889476
41.425816
46.906724
51.442836
53.611963
86.307955
80.331057
73.444713
65.907664
58.452894
51.012953
44.157604
38.450962
34.455583
32.620686
33.054392
35.645505
39.95909
45.799304
52.487929
59.278364
65.848611
70.570594
73.559161
91.35024
87.444489
82.077587
75.379221
67.847079
60.231307
53.131815
47.577382
44.126385
42.96076
43.78132
46.667007
51.568077
58.287147
66.117577
74.395134
81.648475
86.874013
89.7487
87.205604
83.004871
77.244948
70.327638
62.72443
55.106765
48.129944
42.560121
39.089771
38.335384
40.498411
45.553463
53.098175
62.358715
72.233532
81.820341
89.977824
96.26877
98.248399
-17.306243
-19.872496
-24.103821
-28.866583
-34.096195
-38.273949
-41.560016
-42.466196
-39.895591
-36.114619
-30.30661
-22.374341
-13.571858
-4.0007189
5.4626036
14.567061
23.528728
31.741978
38.909669
-15.121284
-16.966074
-20.645184
-25.163846
-29.661105
-33.498175
-36.319492
-36.886025
-34.466097
-30.87809
-25.424473
-17.081471
-8.7779927
-0.035455904
9.3616944
18.194389
26.450999
34.25491
41.446808
-3.829258
-5.8588688
-9.4246532
-13.188264
-16.879353
-19.722557
-21.476935
-22.065281
-21.075152
-18.337054
-13.675603
-6.8333136
0.44583285
7.9607738
17.184379
26.090048
34.433543
41.989123
48.42623
12.899457
10.979775
7.2906087
3.1379251
-0.90505414
-4.3622202
-7.0310961
-8.4709137
-8.0925463
-5.7048975
-1.4975196
4.5382109
11.313578
19.015315
28.610535
37.142264
44.932541
52.383161
58.765611
32.755449
30.514287
26.526215
21.81329
16.826295
12.37202
9.1980128
7.3255754
7.2567507
8.9724182
12.443759
17.477635
23.734068
31.133353
39.679552
48.344033
56.890787
64.200513
70.288662
53.477121
51.091566
46.428194
40.756877
35.173197
29.636414
25.437908
22.671527
21.636308
22.338255
24.86603
29.165906
35.179473
42.512029
50.761965
58.723687
66.101734
73.468476
79.814594
73.620539
70.125872
65.151098
58.525089
51.627707
44.993778
39.294832
35.181402
32.852354
32.7046
34.775232
38.951184
44.806803
51.756682
59.239326
66.666841
74.105938
80.902485
86.78774
89.494409
86.003183
80.39155
73.104216
64.910372
57.351411
50.933875
46.284824
43.604546
42.950259
44.31168
47.959989
53.629728
60.757915
68.35075
75.83442
82.463281
87.769053
91.647136
97.447361
94.544631
87.947807
79.657465
70.202867
60.495071
51.57286
44.453726
39.834165
38.05634
39.129097
42.831574
48.5445
55.587226
63.207771
70.764516
77.620326
83.333869
87.508861
45.021249
50.110043
54.347911
57.841397
60.74867
63.133395
65.074912
66.695775
68.015707
69.100664
69.952624
70.619012
71.119412
71.539261
71.904656
72.262918
72.617636
72.994209
73.404008
47.595001
52.649696
56.762086
60.116819
62.825743
65.023901
66.737051
68.092201
69.111075
69.843708
70.338203
70.61686
70.705503
70.714833
70.709249
70.71604
70.77081
70.904322
71.151879
53.947858
58.527383
62.091584
64.897236
67.059132
68.700498
69.904939
70.709017
71.152737
71.234484
71.126748
70.827153
70.459711
69.973896
69.462898
68.939374
68.468226
68.065583
67.762672
63.386385
67.118023
69.904419
71.788777
73.090655
73.897151
74.32842
74.377308
74.093064
73.504299
72.697858
71.760877
70.741177
69.655717
68.569617
67.508464
66.551123
65.73342
65.130147
75.105739
77.889175
79.598946
80.305847
80.433902
80.19742
79.649203
78.79595
77.634554
76.24917
74.697504
72.945204
71.017326
68.922152
66.780841
64.66794
62.688419
60.880915
59.294792
84.904528
88.370657
89.141422
88.98617
87.981235
86.415728
84.671044
82.839017
80.967156
79.039387
77.030028
74.739781
72.200859
69.475245
66.690107
63.921007
61.272587
58.84845
56.752402
91.41876
94.119197
95.135933
94.677227
92.890411
89.380718
86.137756
84.714017
83.692176
81.833058
78.823046
74.683389
70.044998
65.106833
60.233903
55.528989
51.229857
47.358657
44.023738
93.921661
95.127182
95.49525
94.97614
93.576281
88.390468
84.297524
87.820713
92.08109
92.436479
89.980431
85.462065
79.807509
73.639241
67.37653
61.13531
55.217954
49.725298
44.872293
90.098673
91.123137
91.379099
89.745174
88.237925
88.507599
89.783309
90.622402
94.051834
93.598229
87.021802
78.29692
68.141761
58.041703
48.184124
39.171873
30.950453
23.705984
17.343953
73.870195
74.401984
75.032284
75.775745
76.66676
77.706296
78.898183
80.22457
81.66519
83.222132
84.873834
86.629942
88.480684
90.414383
92.42667
94.505379
96.63016
98.787668
100.97071
71.540456
72.0902
72.790779
73.601605
74.456489
75.336198
76.276098
77.343006
78.590637
80.042386
81.704232
83.577429
85.613682
87.777306
90.048074
92.400671
94.818122
97.289571
99.795896
67.551169
67.432664
67.414736
67.589491
68.072441
68.971714
70.263255
71.878057
73.694361
75.656654
77.726758
79.904035
82.184048
84.576897
87.08675
89.714359
92.446744
95.269903
98.14812
64.793318
64.788301
65.13166
65.792226
66.642396
67.52377
68.398252
69.345226
70.469591
71.861874
73.539742
75.527808
77.804763
80.365318
83.171372
86.189941
89.353667
92.61371
95.934437
57.91529
56.741051
55.749528
54.989157
54.596979
54.828023
55.760542
57.363634
59.512234
62.08276
64.949037
68.036417
71.263455
74.61583
78.057635
81.59077
85.210947
88.927792
92.727355
55.10935
54.012684
53.532034
53.649303
54.273678
55.140078
56.13831
57.232589
58.471681
59.927798
61.697012
63.826872
66.353969
69.270047
72.555691
76.173951
80.069835
84.184215
88.475843
41.119266
38.654447
36.532762
34.787242
33.474679
32.904288
33.186898
34.348269
36.368427
39.151751
42.569709
46.511045
50.825895
55.455539
60.293481
65.329271
70.478127
75.77146
81.166032
40.77077
37.597594
35.375574
34.113323
33.746835
34.082366
34.951288
36.290644
38.044807
40.222703
42.79496
45.782736
49.176421
52.965793
57.159262
61.722438
66.600645
71.761526
77.117096
12.038761
7.6530983
4.2724717
1.7648947
0.189658
-0.53285896
-0.32703786
0.77385914
2.8010424
5.6530602
9.3732329
13.78566
18.836654
24.368745
30.435039
36.899724
43.71545
50.741405
58.055345
103.14674
105.32693
107.489
109.60466
111.68979
113.69687
115.6658
117.512
119.25226
120.89604
122.40376
123.79373
125.01701
126.08805
126.98242
127.71593
128.28545
128.68128
128.84215
102.32304
104.86743
107.38117
109.86313
112.29884
114.64993
116.92292
119.09975
121.17875
123.07319
124.82113
126.40867
127.83713
129.12496
130.20222
131.05698
131.69003
132.10915
132.37606
101.07116
104.00157
106.91804
109.80996
112.6263
115.37204
118.03508
120.5692
122.96879
125.20566
127.28388
129.15172
130.82843
132.32275
133.55257
134.56217
135.32642
135.86265
136.09045
99.302943
102.6706
106.03512
109.3629
112.63119
115.82652
118.89913
121.83323
124.63017
127.23514
129.65705
131.85371
133.81481
135.51049
136.93538
138.15584
139.05112
139.63004
139.9492
96.58851
100.47714
104.36891
108.22206
112.01995
115.72968
119.3124
122.75074
125.99622
129.03018
131.85741
134.38884
136.67397
138.65115
140.34186
141.78885
142.75641
143.4935
143.80756
92.871498
97.342346
101.83105
106.29777
110.70003
115.00894
119.1688
123.16348
126.92974
130.46031
133.69875
136.64297
139.28752
141.5686
143.62848
145.20221
146.35735
147.19687
147.5896
86.663244
92.13654
97.604045
102.95759
108.17383
113.20773
118.04899
122.66118
127.00945
131.06766
134.85103
138.31042
141.37652
144.08974
146.36912
148.17955
149.62099
150.58195
151.07835
82.649591
88.268648
93.93948
99.613347
105.27946
110.79337
116.28405
121.41708
126.39433
130.96186
135.31097
139.24858
142.76358
145.84628
148.41124
150.54475
152.16224
153.35985
153.74185
65.448462
72.968734
80.416549
87.874266
95.150283
102.21291
108.97415
115.66782
121.77021
127.5807
133.02812
137.87596
142.24552
145.97336
149.1851
151.74187
153.62284
154.65262
155.42593
128.83931
128.68625
128.28804
127.72049
126.99142
126.10203
125.03507
123.82224
122.44336
120.94059
119.29962
117.56183
115.71619
113.74629
111.74078
109.65447
107.53324
105.3613
103.17081
132.3883
132.1222
131.7087
131.0812
130.23307
129.16336
127.87816
126.44784
124.85965
123.10972
121.2185
119.14285
116.96228
114.68711
112.3367
109.89666
107.40936
104.89327
102.34437
136.086
135.86627
135.34575
134.58884
133.57757
132.34518
130.85158
129.17446
127.30756
125.22785
122.98771
120.5863
118.05364
115.39113
112.64317
109.82629
106.93408
104.01484
101.0829
139.94462
139.63766
139.05789
138.16569
136.95127
135.51826
133.81553
131.85247
129.65342
127.2276
124.62486
121.82705
118.89044
115.82203
112.6322
109.36591
106.04135
102.67746
99.310459
143.82557
143.49424
142.75536
141.79209
140.34096
138.64759
136.6689
134.3766
131.84388
129.02231
125.98683
122.74682
119.31292
115.73194
112.02694
108.23009
104.37818
100.4879
96.599736
147.59118
147.1985
146.36323
145.21203
143.63999
141.57692
139.2973
136.65291
133.70515
130.47166
126.94349
123.1773
119.18662
115.03334
110.72709
106.32412
101.85712
97.369258
92.895044
151.06268
150.58429
149.63035
148.18595
146.37832
144.10262
141.39036
138.32127
134.87427
131.08551
127.01939
122.68254
118.07726
113.23001
108.19239
102.97845
97.636089
92.167379
86.694002
153.73647
153.35225
152.17992
150.55603
148.42814
145.8621
142.78155
139.26859
135.36949
131.01291
126.43723
121.4553
116.32802
110.84127
105.28953
99.633908
93.965358
88.290524
82.683286
155.45518
154.64172
153.60541
151.74388
149.2022
145.99891
142.24909
137.86493
133.07127
127.68462
121.77493
115.77343
109.15439
102.20023
95.116477
87.95146
80.493244
73.005224
65.481732
)
;

boundaryField
{
    back
    {
        type            empty;
    }
    top
    {
        type            zeroGradient;
    }
    front
    {
        type            empty;
    }
    outlet
    {
        type            fixedValue;
        value           uniform 100;
    }
    bottom
    {
        type            zeroGradient;
    }
    inlet
    {
        type            zeroGradient;
    }
    wall
    {
        type            zeroGradient;
    }
}


// ************************************************************************* //
