/*--------------------------------*- C++ -*----------------------------------*\
  =========                 |
  \\      /  F ield         | OpenFOAM: The Open Source CFD Toolbox
   \\    /   O peration     | Website:  https://openfoam.org
    \\  /    A nd           | Version:  11
     \\/     M anipulation  |
\*---------------------------------------------------------------------------*/
FoamFile
{
    format      ascii;
    class       volScalarField;
    location    "9";
    object      p;
}
// * * * * * * * * * * * * * * * * * * * * * * * * * * * * * * * * * * * * * //

dimensions      [0 2 -2 0 0 0 0];

internalField   nonuniform List<scalar> 
5472
(
109.39636
107.61162
105.85624
104.15095
102.45409
100.78624
99.170408
97.648124
96.19701
94.817644
93.57144
92.433339
91.416365
90.524127
89.794977
89.214652
88.746419
88.415651
88.237341
109.71428
108.12296
106.49861
104.87656
103.29473
101.72427
100.17289
98.687813
97.271378
95.918668
94.676814
93.546358
92.538557
91.641548
90.883454
90.25408
89.728207
89.418992
89.223402
110.01578
108.5538
107.11004
105.59826
104.09017
102.61629
101.1439
99.710222
98.317443
97.001761
95.769426
94.647119
93.630843
92.720906
91.943621
91.284817
90.76471
90.41983
90.195021
110.27809
108.9723
107.60721
106.22264
104.84988
103.45725
102.05254
100.66832
99.325969
98.040143
96.826652
95.718903
94.688336
93.777155
92.984302
92.3151
91.786882
91.402958
91.162072
110.4808
109.27405
108.03245
106.79035
105.52651
104.22253
102.91467
101.56807
100.26909
99.020382
97.828301
96.729091
95.70865
94.801935
93.991638
93.321885
92.773332
92.373486
92.118101
110.60393
109.52532
108.3966
107.2664
106.13294
104.93809
103.67917
102.40288
101.17082
99.9568
98.797995
97.707957
96.710814
95.801064
94.991199
94.3135
93.739968
93.332396
93.056188
110.6871
109.70393
108.70084
107.69929
106.64736
105.52906
104.38116
103.18383
101.99488
100.82462
99.705521
98.648551
97.660233
96.750178
95.949786
95.24463
94.689018
94.263993
93.969157
110.749
109.86041
108.95949
108.04108
107.07596
106.08397
105.01856
103.89437
102.76402
101.64492
100.57041
99.531224
98.569127
97.682198
96.8778
96.18953
95.624456
95.171909
94.874931
110.72389
109.96837
109.16673
108.32671
107.46926
106.54567
105.55855
104.54217
103.46467
102.39896
101.36635
100.37037
99.438023
98.555082
97.751993
97.044992
96.492793
96.049756
95.741992
110.72591
110.01451
109.29847
108.56413
107.7832
106.95361
106.05583
105.0899
104.09082
103.10547
102.11387
101.16019
100.24145
99.398863
98.628713
97.937666
97.374439
96.907519
96.58573
110.67713
110.06391
109.4191
108.75357
108.05752
107.30349
106.48118
105.59949
104.67777
103.74278
102.79692
101.8835
100.99707
100.17299
99.389584
98.727271
98.164438
97.713472
97.394894
110.59034
110.04748
109.49821
108.92516
108.29755
107.60435
106.85266
106.03865
105.1836
104.31377
103.44035
102.56663
101.7203
100.92026
100.16601
99.514768
98.935926
98.497106
98.164729
110.50127
110.03106
109.55733
109.03933
108.47809
107.85754
107.17529
106.43139
105.63819
104.8267
104.00261
103.16677
102.36271
101.58547
100.86698
100.23536
99.679634
99.2363
98.896978
110.4154
109.99738
109.56585
109.11309
108.62004
108.06459
107.45223
106.77329
106.05004
105.30578
104.53747
103.74952
102.9797
102.21992
101.52416
100.90091
100.36393
99.91498
99.573111
110.31631
109.96675
109.58913
109.18742
108.74171
108.23695
107.6715
107.05136
106.38926
105.70247
104.99287
104.26118
103.53296
102.8157
102.15141
101.54352
101.01398
100.56766
100.22806
110.18405
109.88037
109.56575
109.22958
108.84372
108.39663
107.88445
107.32212
106.71272
106.0769
105.40884
104.7166
104.02023
103.33705
102.70241
102.12168
101.6069
101.16974
100.82847
110.11848
109.85039
109.56001
109.24214
108.89363
108.49603
108.03281
107.5268
106.97952
106.40741
105.79137
105.14257
104.47881
103.82817
103.21768
102.66051
102.15878
101.73033
101.38694
110.02052
109.79096
109.55408
109.28827
108.97646
108.60368
108.17748
107.70908
107.20728
106.67983
106.11071
105.5114
104.89079
104.2773
103.68864
103.14852
102.66028
102.24091
101.89683
109.92067
109.72471
109.52033
109.28732
109.01167
108.68745
108.30824
107.88051
107.42235
106.9269
106.39497
105.82991
105.25129
104.67578
104.11555
103.5969
103.12009
102.70867
102.368
109.88977
109.70883
109.51862
109.30337
109.05089
108.75297
108.40151
108.01901
107.6072
107.15493
106.65933
106.11687
105.56346
105.01792
104.48437
103.98777
103.5279
103.1208
102.78434
109.83598
109.68692
109.52367
109.33397
109.10502
108.82769
108.50267
108.14542
107.75954
107.34327
106.89271
106.40373
105.8848
105.35619
104.83742
104.35084
103.90122
103.50262
103.16965
109.81637
109.6735
109.52245
109.35128
109.1471
108.89752
108.60566
108.27797
107.9126
107.51097
107.06825
106.59309
106.10651
105.61122
105.11994
104.64943
104.2071
103.81458
103.47878
109.80981
109.68738
109.55065
109.3902
109.19944
108.96714
108.69658
108.39817
108.06778
107.70468
107.30128
106.85777
106.38816
105.89996
105.41624
104.95129
104.51748
104.1278
103.79091
109.8169
109.70981
109.58699
109.44286
109.2687
109.0529
108.79603
108.50503
108.17934
107.81949
107.41796
106.98332
106.52587
106.0613
105.59497
105.13851
104.71337
104.32695
103.99086
109.83874
109.7489
109.63455
109.50316
109.34989
109.1623
108.93575
108.67131
108.37923
108.05414
107.69037
107.28401
106.83389
106.35572
105.87041
105.4013
104.9638
104.56641
104.21864
109.86583
109.79936
109.70172
109.57873
109.42798
109.24356
109.01992
108.75419
108.44839
108.10534
107.7305
107.32183
106.88391
106.4229
105.94679
105.48427
105.04864
104.66395
104.31824
109.88596
109.85687
109.80055
109.71559
109.60153
109.45772
109.27748
109.05561
108.79015
108.47849
108.12559
107.73334
107.27841
106.7591
106.21745
105.69135
105.22775
104.81547
104.4369
88.184574
88.326057
88.567737
88.923895
89.412159
89.957563
90.61891
91.366725
92.203253
93.150786
94.191923
95.301038
96.489049
97.762945
99.185136
100.69657
102.31509
103.99798
105.77793
89.147389
89.296309
89.516051
89.898886
90.412749
91.019801
91.769765
92.595795
93.520821
94.541032
95.617068
96.754919
97.973706
99.265704
100.62107
102.01248
103.45429
104.92827
106.44831
90.115237
90.228479
90.449566
90.880614
91.403376
92.094728
92.910422
93.80929
94.828842
95.893552
97.000722
98.175235
99.395167
100.66468
101.91891
103.15598
104.37697
105.56917
106.67517
91.064943
91.138824
91.394166
91.834446
92.396615
93.154123
93.993971
94.967262
96.015778
97.091888
98.21391
99.373427
100.52936
101.6781
102.76839
103.78816
104.70573
105.49459
106.10957
91.99323
92.054278
92.328553
92.763997
93.382196
94.157134
95.033967
96.036541
97.065828
98.127581
99.21775
100.2895
101.33525
102.31255
103.1892
103.91099
104.46888
104.77798
104.80752
92.912467
92.96134
93.242401
93.687398
94.343302
95.113218
96.028392
97.015688
98.014669
99.043044
100.07203
101.03033
101.92402
102.67451
103.30539
103.69915
103.89415
103.76431
103.31734
93.807804
93.847345
94.120163
94.586728
95.251607
96.035599
96.960894
97.906617
98.875505
99.839356
100.77599
101.60309
102.32771
102.86651
103.23825
103.36192
103.25412
102.91737
102.32253
94.687007
94.722505
94.989239
95.467391
96.11489
96.905854
97.805175
98.715567
99.650433
100.52855
101.34744
102.02843
102.58176
102.93524
103.08573
103.05295
102.81015
102.47967
102.05626
95.52912
95.565157
95.808375
96.292395
96.930628
97.723359
98.582638
99.448664
100.3236
101.10546
101.81121
102.35205
102.74745
102.95748
102.9797
102.88773
102.70608
102.49725
102.27156
96.355899
96.370944
96.593743
97.078276
97.700664
98.484319
99.290196
100.11285
100.90076
101.59504
102.17994
102.61026
102.88022
103.00706
103.00717
102.96435
102.89598
102.83273
102.80496
97.156387
97.130606
97.347377
97.824565
98.433398
99.179187
99.939197
100.71068
101.39639
102.01785
102.48503
102.83694
103.03037
103.15197
103.19524
103.23047
103.27717
103.3571
103.44043
97.912963
97.841139
98.07213
98.521999
99.115112
99.824822
100.53478
101.23493
101.84522
102.37719
102.76459
103.06561
103.2415
103.39908
103.49652
103.61245
103.7578
103.91443
104.05699
98.633299
98.521526
98.773125
99.173185
99.749203
100.4049
101.06791
101.70127
102.24358
102.70104
103.04254
103.31533
103.50718
103.7019
103.86223
104.05358
104.24111
104.45157
104.63106
99.288519
99.201584
99.421306
99.773712
100.34599
100.9345
101.55182
102.11865
102.60323
103.01322
103.32812
103.59935
103.82267
104.04301
104.24667
104.47776
104.69506
104.92118
105.0818
99.911717
99.838225
99.992785
100.34179
100.87007
101.40965
102.00451
102.49014
102.94275
103.31512
103.62138
103.89915
104.14115
104.38806
104.62433
104.86828
105.08386
105.25878
105.35837
100.50366
100.41689
100.52676
100.8792
101.33297
101.85185
102.39589
102.84016
103.26837
103.5987
103.91221
104.20091
104.45912
104.71047
104.95315
105.17922
105.35458
105.50067
105.58918
101.05674
100.9369
101.03251
101.36371
101.76423
102.26892
102.73823
103.17322
103.55878
103.8871
104.2174
104.48002
104.74923
104.99936
105.21428
105.39919
105.55288
105.69702
105.80309
101.56343
101.41134
101.49722
101.78143
102.15707
102.63079
103.04995
103.46541
103.8187
104.15898
104.46346
104.72405
104.99536
105.20425
105.39329
105.53977
105.67517
105.80001
105.87006
102.02724
101.85441
101.92833
102.17044
102.53501
102.95909
103.36461
103.77101
104.11721
104.43258
104.69871
104.9535
105.17908
105.34884
105.51066
105.60762
105.69177
105.72757
105.6923
102.43443
102.2416
102.29268
102.50449
102.84504
103.21772
103.60814
103.96642
104.28108
104.59198
104.85389
105.09413
105.26582
105.40365
105.49937
105.52743
105.50838
105.37477
105.19336
102.81701
102.61634
102.63127
102.82024
103.14545
103.49854
103.88454
104.21652
104.52836
104.80006
105.00232
105.18463
105.29802
105.37198
105.36432
105.28526
105.11588
104.85542
104.5712
103.11774
102.89998
102.89979
103.06431
103.34726
103.68626
104.02316
104.32298
104.61739
104.84489
105.0426
105.17844
105.23895
105.22152
105.11784
104.93885
104.67244
104.39571
104.13382
103.42036
103.18253
103.15627
103.30106
103.5816
103.91846
104.24626
104.54511
104.77241
104.94655
105.07657
105.12149
105.08582
104.96493
104.77154
104.52344
104.2679
104.03678
103.80198
103.61958
103.38025
103.32079
103.45384
103.71266
104.01765
104.31746
104.58045
104.7959
104.95392
105.032
105.02281
104.93087
104.75344
104.52779
104.28282
104.03617
103.76769
103.49477
103.8212
103.55553
103.49299
103.61738
103.89491
104.22051
104.51434
104.72975
104.87653
104.93908
104.90887
104.78691
104.58923
104.34233
104.08918
103.84265
103.59169
103.34385
103.06007
103.92427
103.67545
103.5685
103.68216
103.95515
104.26284
104.53495
104.74077
104.86829
104.91029
104.85708
104.7281
104.54157
104.3134
104.04645
103.76463
103.43579
103.02886
102.55123
104.00935
103.70647
103.62399
103.79921
104.13031
104.47223
104.71418
104.82748
104.84075
104.76252
104.58487
104.32405
104.01539
103.66335
103.27218
102.854
102.41282
101.95214
101.50998
107.67621
109.72315
111.94541
114.33743
116.88909
119.59047
122.13984
124.37197
122.20639
116.93502
108.90487
98.899882
88.27892
77.810917
69.07062
62.800831
59.303118
58.061373
58.725112
107.97606
109.61023
111.30398
113.15441
114.90596
116.69796
117.52679
116.52342
112.80619
105.73559
95.546193
84.20491
72.539293
61.91514
54.61259
50.198206
48.353872
49.301796
52.73831
107.75092
108.81324
109.80777
110.66406
111.09022
110.78483
109.10348
105.18906
99.257295
88.840527
75.697155
63.187562
50.731716
39.093413
30.781163
26.815817
27.610428
32.692066
40.83208
106.55282
106.80372
106.86001
106.44399
105.32642
103.03105
99.137619
92.623583
83.869832
73.851966
61.064681
43.808205
26.77725
11.680374
2.1663874
-0.11220271
4.5619362
14.677336
27.467855
104.50177
104.05382
103.32402
102.02707
99.91319
96.724622
92.063604
85.27201
76.031306
64.384787
50.29273
34.578322
19.850249
8.211537
1.7017906
1.4666315
6.9678811
17.051982
29.695749
102.57283
101.79437
100.79242
99.339076
97.201556
94.317182
90.311131
85.100246
78.327916
69.960707
60.44767
50.24261
40.597463
32.665197
27.769621
26.638819
29.364536
35.481968
43.930492
101.56852
100.84341
99.970014
98.714735
97.009423
94.735207
91.851623
88.413448
84.156959
79.248378
73.676614
67.799569
62.051326
57.038133
53.298674
51.346103
51.86498
54.838442
59.610234
101.50498
100.97586
100.30215
99.324618
98.04215
96.382236
94.526757
92.263255
89.694297
86.783498
83.369989
79.789102
76.077457
72.876687
70.497821
69.320927
69.169272
70.160133
72.411644
101.97813
101.67702
101.1526
100.42317
99.462505
98.333733
97.057355
95.570008
93.955887
91.974038
89.757702
87.456412
85.225072
83.191539
81.374793
80.226656
80.157646
80.816827
82.031917
102.74682
102.54292
102.1386
101.58698
100.87445
100.12414
99.253394
98.290259
97.163848
95.84151
94.38679
92.877054
91.30366
89.702016
88.294591
87.245558
86.629396
86.262427
86.350354
103.48206
103.36895
103.10313
102.68831
102.20599
101.7166
101.14159
100.49342
99.718012
98.756686
97.62494
96.434006
95.067334
93.627149
92.22546
90.874833
89.339705
87.970211
87.201186
104.17057
104.15685
103.96815
103.6767
103.36023
103.03776
102.65977
102.17538
101.5531
100.76216
99.907656
98.911055
97.572942
96.008164
94.40504
92.436207
90.191465
88.194187
86.491792
104.79456
104.80443
104.64162
104.43751
104.20571
103.95755
103.6378
103.20262
102.66042
101.99898
101.17686
100.05048
98.456704
96.659448
94.573227
91.766354
88.546848
85.20558
81.872098
105.20328
105.19701
105.08858
104.93441
104.72727
104.48877
104.1766
103.72644
103.13382
102.3715
101.40628
100.03226
98.06377
95.785512
92.660896
88.170667
82.389891
75.531893
67.709722
105.50226
105.53954
105.48458
105.35555
105.19186
105.00589
104.6996
104.24392
103.66225
103.01518
102.18529
100.46445
98.279822
96.052237
92.667382
87.643812
80.857066
72.315538
62.280623
105.80031
105.89251
105.88286
105.82877
105.79996
105.7122
105.51193
105.2363
104.94739
104.33036
103.10452
101.97698
100.67155
98.458832
95.400214
91.143179
85.660468
79.169192
71.993816
106.02062
106.12378
106.14288
106.1792
106.20057
106.13957
106.01257
105.61339
104.70911
104.37365
104.55709
103.31683
101.4289
99.085795
96.302071
92.965213
89.183044
85.224803
81.426597
106.01343
106.083
106.13935
106.23016
106.26082
106.21315
105.84003
105.54164
104.81273
103.4043
101.88381
100.26673
98.396131
96.257076
94.01413
91.827083
89.721026
87.889614
86.558712
105.66763
105.71382
105.84854
105.94902
105.97015
105.87525
105.51082
104.95283
103.68252
100.6244
97.585535
95.133495
93.279079
91.734566
90.279586
89.070138
88.274888
87.940533
88.319001
104.94516
104.98307
105.07495
105.13576
105.09661
104.98666
104.79458
104.4113
103.43931
101.37306
98.048229
92.714053
86.507305
81.118689
77.646167
76.372252
77.119952
79.320899
82.301471
104.23907
104.20075
104.17766
104.07996
103.84087
103.49287
102.96596
102.16709
100.70642
98.001138
93.910157
89.024554
84.405721
80.605782
77.351122
75.032958
74.368048
75.344057
78.146302
103.91253
103.85836
103.82327
103.72129
103.5289
103.2871
102.91776
102.37953
101.49775
100.18773
98.159011
95.431863
92.258674
88.676255
85.212456
82.615542
81.361351
81.505518
83.105743
103.68765
103.7114
103.77776
103.8022
103.79336
103.80886
103.75898
103.70669
103.5567
103.28172
102.73971
101.80906
100.45721
98.816649
97.132923
95.299768
93.315975
91.767234
91.274361
103.44128
103.48743
103.54746
103.62277
103.70464
103.78472
103.89584
104.01675
104.07966
104.07003
104.03336
103.72827
102.97879
102.07689
100.9567
99.523566
97.917765
96.226328
94.581945
102.90493
102.95142
103.08996
103.20302
103.30998
103.43251
103.60794
103.72013
103.8061
103.72706
103.21613
102.51882
102.21558
101.63651
100.51424
98.991076
97.399148
95.725894
93.825434
102.08046
102.1434
102.30872
102.41094
102.51232
102.62995
102.67978
102.80248
102.8202
102.80842
102.6696
101.56125
101.41988
101.33611
100.89178
100.0721
98.991306
97.738048
96.404898
101.01259
101.06781
101.12803
101.11858
101.13161
101.19373
101.3029
101.55813
101.86231
102.32584
102.98978
103.87757
104.36243
102.38682
101.89869
101.3243
100.72312
100.12576
99.57592
60.939978
64.018654
67.541514
71.089492
74.228978
77.37499
80.224589
82.106667
83.409529
84.646286
85.408246
85.593444
85.616586
85.471667
84.978351
84.423638
83.725495
82.840517
81.869003
57.634292
63.026971
68.193075
73.267194
77.837213
81.562922
84.508948
86.779534
88.441219
89.474709
90.132888
90.306155
90.129088
89.819056
89.261156
88.671483
87.917303
87.016655
86.011981
50.196272
59.127102
67.071995
73.854311
79.664636
84.60665
88.51599
91.050227
92.814239
94.069752
94.720715
94.792661
94.559558
94.148452
93.497888
92.82733
92.081648
91.090842
90.003644
40.502254
52.881031
64.144878
73.468329
80.869816
86.783705
91.488628
94.770404
96.790455
98.08448
98.747789
98.916139
98.633468
98.052815
97.356424
96.578127
95.816136
94.848276
93.638661
43.088609
55.385996
66.202071
75.303704
82.573376
88.58564
93.809513
97.800714
100.25591
101.60693
102.21599
102.29102
101.99791
101.36843
100.55195
99.760367
98.940253
98.046595
96.825207
53.297108
62.494074
71.02175
78.577839
85.209843
90.788567
95.723845
100.11883
103.01914
104.43548
105.03805
105.06293
104.64251
103.99297
103.13867
102.28126
101.46336
100.60875
99.482292
65.337016
71.476098
77.710064
83.579647
88.898017
93.710618
97.984106
101.91957
104.65757
106.11638
106.71085
106.79718
106.4409
105.77998
104.97007
104.09713
103.29914
102.49063
101.50208
75.777664
79.887164
84.348794
88.75615
93.072411
97.155286
100.68491
103.6345
105.58768
106.57459
107.08468
107.21269
107.00042
106.49832
105.84952
105.09586
104.40205
103.68805
102.847
83.822376
86.209261
89.061163
92.386252
95.922507
99.206796
102.0883
104.38024
105.82552
106.54461
106.70935
106.77602
106.67214
106.35404
105.92815
105.36721
104.82697
104.26491
103.59191
87.111081
88.561125
90.60916
93.181302
95.847458
98.550654
101.27529
103.53255
105.18932
106.07219
106.38649
106.23606
106.13595
105.9601
105.69223
105.30807
104.88233
104.46122
103.92477
87.175058
87.835228
89.000904
90.5129
92.567461
95.260913
98.164498
100.87513
103.14891
104.67478
105.35231
105.41483
105.67075
105.64507
105.47025
105.1991
104.85217
104.51862
104.10034
84.893817
83.70654
83.364585
83.954855
85.575181
88.145252
91.395065
94.998943
98.31442
100.91683
102.80284
103.97061
104.3803
104.86989
105.04993
104.98777
104.75588
104.48726
104.17365
78.520641
75.602707
73.560535
72.778879
73.796385
76.465563
80.412126
85.251169
90.286683
94.670757
98.699115
101.81533
103.41154
104.41011
104.70557
104.74772
104.57542
104.31153
104.07303
59.40837
52.086382
47.802927
47.696097
51.561572
57.494805
64.857143
73.605765
82.942679
91.345126
97.454215
101.23879
102.62769
103.53829
103.94006
104.05154
103.97467
103.74518
103.60509
51.820172
40.830543
34.7364
35.290547
40.921785
49.296437
60.013528
71.211784
80.787157
88.554869
94.655168
98.428217
100.4264
101.68093
102.42993
102.79851
102.92283
102.86364
102.82351
64.734148
58.394406
54.920667
55.175141
58.548594
64.146869
71.360268
78.669029
85.320936
90.761911
94.810592
97.519483
99.303219
100.51719
101.34355
101.86616
102.13668
102.21043
102.25953
78.106815
75.660282
74.885899
76.181309
78.945261
82.441406
86.249313
89.970249
93.268073
95.982807
97.951651
99.332981
100.34937
101.05531
101.56352
101.89476
102.10603
102.19597
102.20669
85.681337
85.506655
86.109804
87.425408
89.182025
91.466098
93.917654
96.131237
97.938689
99.347546
100.38377
101.11578
101.66109
102.00337
102.24005
102.41489
102.48116
102.53455
102.49428
89.370184
90.648643
91.911868
93.445271
95.229633
96.874862
98.414365
99.76231
100.79169
101.58535
102.14022
102.50981
102.77318
102.87853
102.9353
102.95958
102.95729
102.92648
102.83366
85.724052
89.246097
92.463059
95.17432
97.432634
99.13102
100.49664
101.94639
102.86033
103.19027
103.476
103.66067
103.73442
103.67175
103.56124
103.44356
103.36993
103.27993
103.11707
81.958087
86.378013
90.793502
94.494763
97.412553
99.596628
100.77422
101.10134
101.73719
103.07433
103.95871
104.11736
104.09245
104.02649
103.84799
103.68515
103.50673
103.38686
103.22237
85.845766
89.1099
92.323481
95.16269
97.459564
99.266589
100.54814
101.26568
101.91293
104.24534
104.22107
104.11659
104.1495
103.94806
103.77939
103.58858
103.38171
103.21611
103.07042
91.68782
92.693278
94.029299
95.476549
96.857115
98.143417
99.302442
99.953082
100.93646
102.5854
103.07584
103.2662
103.37891
103.25696
103.16124
103.00959
102.85981
102.66018
102.53847
92.952504
91.613968
90.86192
90.841782
91.621753
93.362822
96.299953
99.529167
100.89752
101.96632
102.14564
102.29227
102.32553
102.2662
102.22469
102.12709
102.02157
101.90608
101.85678
92.233081
90.910952
90.529485
91.06597
92.512112
94.200242
95.39085
96.587981
98.115117
99.529499
100.33488
100.68588
100.90891
101.02774
101.12479
101.1945
101.1949
101.18293
101.21856
95.218863
94.369571
94.056962
94.411668
95.384185
96.702266
97.821477
98.395192
98.852381
99.398199
99.661834
99.812513
100.00931
100.20782
100.38433
100.51599
100.58576
100.61319
100.69967
99.086253
98.608056
98.135026
97.6826
97.277533
96.935936
97.059702
97.952644
98.761745
99.182609
99.527849
99.782666
99.962652
100.0589
100.12411
100.19769
100.26457
100.29643
100.28751
80.811729
79.646458
78.461749
77.225237
75.969849
74.714452
73.552378
72.404833
71.343125
70.312236
69.393445
68.565307
67.794913
67.216726
66.662419
66.270542
66.137184
66.12043
66.397191
84.87055
83.598513
82.246479
80.875857
79.455344
78.040092
76.670328
75.348013
74.074059
72.880863
71.741748
70.758204
69.852576
69.090813
68.499259
68.013479
67.778835
67.73202
67.844037
88.694495
87.317382
85.812601
84.303501
82.767019
81.218115
79.705317
78.223754
76.776461
75.409965
74.110853
72.949351
71.933814
71.009902
70.302916
69.774958
69.432284
69.376361
69.506312
92.212493
90.680109
89.089815
87.454299
85.823966
84.171703
82.540522
80.949676
79.374849
77.871748
76.446454
75.127019
73.979824
72.949548
72.11553
71.504871
71.090889
70.977198
71.127999
95.333204
93.726136
92.053577
90.353131
88.643979
86.926802
85.207989
83.531641
81.871921
80.249502
78.71258
77.268874
75.988805
74.850864
73.912939
73.215207
72.734729
72.574054
72.682642
98.005216
96.418828
94.736306
93.011683
91.265496
89.50308
87.725477
85.970165
84.240931
82.54861
80.916639
79.384979
77.965757
76.73116
75.685966
74.912928
74.377934
74.175318
74.318092
100.15156
98.663001
97.045227
95.361246
93.630307
91.861191
90.065858
88.271295
86.475506
84.731882
83.013167
81.412275
79.899154
78.570286
77.441562
76.568444
75.977492
75.720549
75.796979
101.71308
100.42074
98.957732
97.377964
95.71801
93.997069
92.21296
90.418594
88.592838
86.802902
85.035947
83.361638
81.781328
80.365665
79.150528
78.206107
77.567999
77.281286
77.38182
102.71721
101.64855
100.40331
99.0071
97.468488
95.843898
94.124428
92.360228
90.548149
88.740534
86.939211
85.210276
83.579697
82.091275
80.813143
79.78103
79.106913
78.748352
78.822947
103.27142
102.45608
101.4316
100.25699
98.902523
97.414857
95.801847
94.111606
92.340532
90.544285
88.750747
86.96814
85.307152
83.752258
82.44828
81.339201
80.602681
80.238204
80.273235
103.55301
102.93794
102.13617
101.16182
100.00218
98.686806
97.21231
95.62049
93.942625
92.172157
90.410541
88.620718
86.922015
85.335437
83.970113
82.845894
82.044601
81.648178
81.66435
103.73204
103.23272
102.58993
101.79931
100.83194
99.688201
98.380801
96.909052
95.345791
93.654791
91.933471
90.175473
88.465528
86.850868
85.423783
84.274337
83.441051
83.00689
82.999879
103.76451
103.38959
102.87232
102.21924
101.43494
100.4593
99.322892
97.99179
96.540325
94.953099
93.29116
91.5851
89.884611
88.276296
86.809801
85.628047
84.777535
84.323957
84.28529
103.51734
103.30515
102.97087
102.45815
101.84043
101.02156
100.0454
98.875589
97.552326
96.082129
94.503982
92.868776
91.194101
89.602865
88.126246
86.907509
86.029272
85.567158
85.510372
102.99914
102.97761
102.84328
102.50761
102.05554
101.41343
100.58838
99.57999
98.39676
97.050057
95.563632
94.008436
92.385452
90.8175
89.355999
88.120852
87.217131
86.737789
86.672732
102.49942
102.58048
102.55936
102.38917
102.0877
101.62168
100.95431
100.10318
99.062732
97.855994
96.480263
95.013149
93.462221
91.925768
90.49088
89.258153
88.338634
87.834415
87.77482
102.2977
102.30595
102.30372
102.22359
102.02593
101.70245
101.19205
100.49525
99.594271
98.526939
97.271356
95.893547
94.433404
92.944127
91.528863
90.303135
89.394632
88.863554
88.796065
102.39428
102.27311
102.20127
102.11815
101.95424
101.70496
101.31775
100.75601
99.985816
99.050171
97.922967
96.638601
95.26765
93.853799
92.472885
91.254019
90.360981
89.828641
89.74208
102.60561
102.4351
102.28615
102.14609
101.96236
101.73218
101.41539
100.95604
100.30838
99.489693
98.490686
97.307454
96.016148
94.685286
93.348582
92.142789
91.234943
90.720864
90.624809
102.81063
102.64081
102.45197
102.26717
102.04096
101.80328
101.51584
101.11519
100.55665
99.826573
98.931614
97.855862
96.635534
95.309047
94.071788
92.920434
92.021307
91.504656
91.417941
102.96126
102.83168
102.64152
102.44473
102.20234
101.94489
101.66079
101.28682
100.80254
100.1491
99.334657
98.359813
97.239357
96.026329
94.776317
93.653164
92.770421
92.251406
92.154657
102.96457
102.93648
102.79729
102.61057
102.39068
102.12589
101.83297
101.45839
101.01345
100.43093
99.678501
98.75519
97.685654
96.514195
95.346814
94.235163
93.373653
92.85963
92.764056
102.66276
102.7582
102.75566
102.66915
102.52726
102.30449
102.02829
101.68227
101.25272
100.73093
100.04882
99.199118
98.200644
97.095111
95.939248
94.85954
93.983338
93.473343
93.346542
102.13409
102.3969
102.58573
102.63199
102.59138
102.46645
102.23405
101.92274
101.50321
100.97421
100.31134
99.502673
98.528874
97.434092
96.314671
95.247776
94.389507
93.881739
93.780969
101.51772
101.81186
102.10025
102.31414
102.39972
102.39429
102.29233
102.08516
101.76339
101.32481
100.74259
99.98573
99.072959
98.034151
96.904368
95.812948
94.894534
94.337064
94.206754
101.0167
101.39733
101.76021
102.08568
102.32125
102.42836
102.4016
102.2464
101.96506
101.54067
100.96431
100.22131
99.284741
98.191504
97.062348
95.980288
95.091919
94.541332
94.416774
100.48142
100.75636
101.08566
101.42633
101.75689
102.02965
102.20936
102.2683
102.1606
101.91203
101.50212
100.88655
100.04736
99.010352
97.807203
96.578798
95.508309
94.802638
94.607158
66.731931
67.211569
67.939756
68.792339
69.876653
71.126083
72.534741
74.096945
75.775017
77.590931
79.511344
81.53834
83.671214
85.865343
88.141563
90.45998
92.797016
95.154044
97.526034
68.280749
68.813292
69.574451
70.458172
71.537897
72.800702
74.200623
75.763581
77.434087
79.231506
81.120545
83.095269
85.166869
87.287876
89.466988
91.678808
93.877233
96.076961
98.275598
69.893198
70.443468
71.189366
72.112271
73.189853
74.449399
75.857831
77.397109
79.064431
80.821785
82.684411
84.624172
86.620601
88.670857
90.75548
92.846224
94.917577
96.964112
98.979393
71.495983
72.057982
72.800911
73.718911
74.806767
76.057126
77.473284
79.002316
80.656696
82.400766
84.220453
86.102292
88.039545
89.994007
91.975652
93.957351
95.895772
97.787922
99.607773
73.085128
73.654782
74.396712
75.318837
76.397523
77.647081
79.047509
80.564309
82.206403
83.918796
85.690915
87.500165
89.350156
91.222922
93.10072
94.966013
96.76703
98.518501
100.18571
74.691511
75.245664
75.970585
76.886505
77.963184
79.197346
80.583587
82.079867
83.686582
85.355033
87.081762
88.838359
90.600551
92.37959
94.150936
95.892992
97.553624
99.165048
100.70693
76.205019
76.767301
77.50044
78.411733
79.48118
80.704211
82.068227
83.537084
85.102334
86.734306
88.406493
90.099886
91.770666
93.443406
95.099078
96.723375
98.270433
99.742251
101.15261
77.750387
78.293882
79.013893
79.911138
80.962957
82.158463
83.4921
84.933211
86.460953
88.056703
89.658944
91.260941
92.844468
94.425681
95.972842
97.468123
98.890589
100.23458
101.53618
79.218695
79.75491
80.461783
81.336668
82.379877
83.556775
84.861047
86.280625
87.758591
89.28823
90.816368
92.336347
93.84113
95.322019
96.758695
98.134684
99.464386
100.70735
101.88026
80.651659
81.171774
81.874549
82.742614
83.766729
84.92512
86.178944
87.544973
88.971265
90.432662
91.904707
93.353469
94.769227
96.135337
97.476551
98.758185
99.97927
101.10292
102.14397
82.036059
82.545745
83.235778
84.088759
85.075085
86.196147
87.421257
88.733014
90.119463
91.521011
92.926182
94.283371
95.599007
96.870926
98.116866
99.292747
100.40569
101.45381
102.4094
83.362467
83.861294
84.537649
85.363822
86.336644
87.419851
88.606347
89.874976
91.199637
92.521178
93.846134
95.134542
96.370832
97.55089
98.692499
99.801541
100.83246
101.77926
102.63738
84.641632
85.120646
85.780752
86.579102
87.526901
88.574954
89.721671
90.940219
92.194449
93.459868
94.70974
95.921312
97.070282
98.174253
99.226659
100.23332
101.16801
102.02428
102.81342
85.855242
86.314013
86.954692
87.7382
88.653457
89.671502
90.766555
91.926432
93.113706
94.3074
95.484179
96.62449
97.694086
98.719734
99.6949
100.62239
101.48983
102.28061
102.9917
87.007881
87.461323
88.07737
88.835218
89.712786
90.68954
91.73165
92.836393
93.966523
95.106032
96.220257
97.284328
98.278383
99.220985
100.1289
100.98718
101.76849
102.46103
103.10861
88.098804
88.531961
89.112069
89.842667
90.689273
91.628515
92.634704
93.685169
94.758235
95.831719
96.875959
97.862644
98.790318
99.663989
100.50775
101.28995
102.01159
102.66501
103.25952
89.105528
89.52314
90.091278
90.796909
91.617036
92.519427
93.483113
94.472106
95.484776
96.48664
97.466906
98.393416
99.271339
100.08569
100.85512
101.57541
102.23878
102.83705
103.36187
90.058025
90.465183
91.011785
91.679035
92.466287
93.326975
94.244293
95.182808
96.137331
97.086054
98.008857
98.88218
99.701062
100.45702
101.16214
101.82842
102.44292
102.9945
103.47774
90.935582
91.319665
91.834696
92.480327
93.239251
94.06946
94.94309
95.837795
96.742655
97.639354
98.511145
99.331147
100.09327
100.79684
101.45158
102.07337
102.64623
103.15258
103.58628
91.716437
92.081155
92.597462
93.236693
93.96251
94.749805
95.58404
96.436851
97.298829
98.145194
98.961291
99.730919
100.43996
101.10005
101.71857
102.29568
102.82142
103.28699
103.68754
92.469761
92.845209
93.332855
93.915705
94.59447
95.34903
96.153146
96.968383
97.792211
98.600004
99.367851
100.09885
100.76976
101.39847
101.98669
102.52569
103.00901
103.43521
103.803
93.054233
93.396698
93.847042
94.441219
95.138125
95.888765
96.679661
97.473315
98.255249
99.025824
99.75611
100.45244
101.09138
101.68315
102.22959
102.72699
103.17648
103.56125
103.88551
93.661203
94.048762
94.528235
95.105801
95.751626
96.449178
97.181866
97.929671
98.670047
99.412106
100.11178
100.77312
101.38725
101.94956
102.46959
102.9389
103.35839
103.71259
104.00396
94.04693
94.356679
94.806114
95.361361
96.014363
96.735271
97.484414
98.25465
99.014725
99.757655
100.45519
101.10519
101.70297
102.2416
102.73062
103.16169
103.53659
103.84163
104.08598
94.493272
94.878855
95.362652
95.962489
96.636849
97.355569
98.086143
98.828446
99.547848
100.24294
100.89065
101.48645
102.03673
102.52987
102.97816
103.36792
103.69952
103.96689
104.16983
94.676884
95.015854
95.481114
96.047485
96.694855
97.413692
98.156946
98.916113
99.66128
100.37676
101.05172
101.67908
102.2528
102.7622
103.21005
103.58479
103.88304
104.10652
104.25663
94.894104
95.28735
95.812258
96.478799
97.229999
98.042016
98.851979
99.655272
100.41656
101.13911
101.78701
102.37852
102.87803
103.31212
103.65349
103.92486
104.11808
104.24421
104.30167
99.86581
102.1859
104.53577
106.86177
109.12433
111.33877
113.49413
115.55955
117.54765
119.41517
121.15245
122.78007
124.2535
125.58041
126.74665
127.76299
128.59245
129.24556
129.72551
100.42877
102.55809
104.71368
106.87886
108.99113
111.04553
113.08158
115.05217
116.92528
118.70304
120.36968
121.93076
123.34549
124.62986
125.76492
126.74069
127.54636
128.18116
128.64658
100.95003
102.91048
104.87037
106.85624
108.82452
110.75746
112.66994
114.51468
116.28584
117.98687
119.5624
121.05372
122.41352
123.65254
124.75949
125.68474
126.47248
127.0995
127.5498
101.39604
103.21407
105.0034
106.82373
108.65063
110.45332
112.23978
113.97321
115.64485
117.23697
118.74436
120.17346
121.48363
122.66656
123.72465
124.63379
125.39088
125.99981
126.45859
101.8072
103.46551
105.11894
106.77823
108.46393
110.15756
111.80295
113.40928
114.98613
116.50196
117.94108
119.29404
120.54892
121.68354
122.69666
123.57481
124.31258
124.90888
125.34752
102.17956
103.68807
105.19396
106.72452
108.29498
109.83222
111.34687
112.86505
114.34699
115.77241
117.13507
118.42301
119.61567
120.70908
121.6735
122.52602
123.24477
123.81239
124.24061
102.48561
103.8547
105.25254
106.64657
108.04876
109.4795
110.90833
112.32918
113.71115
115.04677
116.32965
117.54848
118.6879
119.73362
120.67125
121.48574
122.16616
122.7238
123.14627
102.76335
104.00534
105.25829
106.53373
107.83675
109.16137
110.4924
111.80451
113.07851
114.33053
115.55009
116.71043
117.78617
118.77634
119.6718
120.44998
121.12381
121.65538
122.06161
102.98468
104.10478
105.2608
106.4331
107.62611
108.83196
110.03965
111.24927
112.45496
113.65254
114.79109
115.88176
116.89689
117.84061
118.69909
119.4573
120.09107
120.61331
121.02004
103.1431
104.17139
105.22867
106.3088
107.40156
108.50733
109.6326
110.76287
111.88645
112.98931
114.05108
115.07611
116.05801
116.96852
117.7691
118.49128
119.10908
119.6217
119.99914
103.31811
104.26308
105.22264
106.19781
107.1804
108.19581
109.2361
110.29197
111.33191
112.34893
113.35984
114.32684
115.24905
116.09721
116.86389
117.57039
118.16856
118.65013
119.01315
103.44345
104.28864
105.14986
106.02923
106.9518
107.91023
108.87331
109.8332
110.78922
111.76002
112.70618
113.61132
114.45338
115.25818
116.0343
116.6717
117.22098
117.69345
118.06362
103.5537
104.32387
105.10618
105.92226
106.77939
107.63479
108.49281
109.38579
110.29612
111.19303
112.05561
112.90954
113.7364
114.50359
115.19334
115.78204
116.3374
116.81804
117.15558
103.64161
104.33758
105.04515
105.78601
106.54034
107.32226
108.14612
108.9849
109.8058
110.63371
111.46867
112.2819
113.04827
113.76306
114.39557
115.02544
115.56158
115.95609
116.3236
103.72033
104.35754
105.00925
105.68039
106.37691
107.10934
107.85317
108.61165
109.38937
110.1724
110.93842
111.67609
112.38885
113.06725
113.71496
114.30027
114.75982
115.16071
115.4967
103.81086
104.37105
104.94676
105.55189
106.19829
106.86486
107.54955
108.25487
108.96439
109.68058
110.39478
111.09273
111.77826
112.42771
113.01776
113.52873
114.00441
114.43385
114.74125
103.83639
104.34518
104.88646
105.45908
106.05095
106.65682
107.28424
107.92485
108.58592
109.26931
109.93618
110.59944
111.24298
111.83355
112.38638
112.89823
113.36733
113.74919
114.04888
103.92423
104.40123
104.88876
105.39148
105.90907
106.46653
107.05465
107.66963
108.29857
108.91345
109.52613
110.14154
110.71886
111.28561
111.83583
112.32471
112.74675
113.10265
113.39904
103.97145
104.39251
104.83161
105.29466
105.79726
106.32957
106.87087
107.41987
107.97338
108.54316
109.13147
109.70177
110.26028
110.80206
111.29484
111.75434
112.15893
112.51114
112.82299
104.04149
104.43233
104.84166
105.26857
105.71728
106.17902
106.66031
107.1688
107.7013
108.24302
108.77529
109.30349
109.84001
110.34086
110.80941
111.2544
111.64684
111.99115
112.26346
104.11633
104.45595
104.81188
105.19177
105.59836
106.03598
106.49652
106.97239
107.45704
107.9492
108.45413
108.96931
109.46127
109.9349
110.3917
110.8063
111.18306
111.51749
111.80258
104.16552
104.47679
104.80884
105.16414
105.54425
105.94137
106.35624
106.79288
107.25101
107.72368
108.19797
108.6652
109.12218
109.57662
110.01196
110.40583
110.76443
111.08857
111.37188
104.24995
104.52815
104.82069
105.13316
105.4683
105.82999
106.21873
106.63083
107.05475
107.49173
107.93857
108.3871
108.83632
109.27004
109.68082
110.0589
110.41013
110.73177
110.98931
104.2869
104.52173
104.77696
105.05893
105.37093
105.7121
106.07456
106.45442
106.85771
107.2768
107.70547
108.14022
108.56784
108.98168
109.38083
109.76569
110.11073
110.40533
110.67535
104.33182
104.52514
104.74229
104.9864
105.26041
105.55934
105.8864
106.24366
106.62663
107.02814
107.4466
107.87024
108.29172
108.71078
109.11137
109.48613
109.83265
110.14934
110.42258
104.35528
104.48728
104.65192
104.85157
105.08608
105.35795
105.66593
106.00814
106.37877
106.77295
107.1822
107.6008
108.02948
108.45377
108.86022
109.249
109.61538
109.94745
110.22925
104.33329
104.42145
104.5524
104.72358
104.93365
105.18329
105.47034
105.79562
106.15626
106.54478
106.95631
107.38451
107.82057
108.25526
108.68513
109.09383
109.47186
109.81114
110.11032
110.36868
110.56906
110.71384
110.8137
110.86723
110.87534
110.85009
110.79635
110.72019
110.62622
110.51863
110.40696
110.30011
110.20154
110.11317
110.03831
109.97673
109.92937
109.89763
110.45987
110.65264
110.79535
110.88959
110.93643
110.94753
110.92311
110.87055
110.79599
110.70514
110.60736
110.50586
110.39842
110.2907
110.18821
110.09599
110.0175
109.95364
109.90334
110.64444
110.82316
110.95513
111.03855
111.08358
111.08636
111.05621
111.0034
110.92944
110.83687
110.73265
110.61763
110.49633
110.3789
110.27001
110.16509
110.06732
109.98154
109.90386
110.90547
111.06109
111.18854
111.26724
111.30229
111.30045
111.26771
111.1998
111.10592
110.99388
110.87012
110.74254
110.61116
110.4826
110.35766
110.23768
110.12143
110.00958
109.90339
111.19863
111.37875
111.50062
111.56965
111.5967
111.58762
111.5316
111.44572
111.34054
111.2191
111.08691
110.94172
110.79617
110.6477
110.49369
110.34175
110.19699
110.05891
109.92529
111.60057
111.76444
111.86592
111.9419
111.95933
111.92371
111.85532
111.75951
111.6352
111.4921
111.32962
111.15162
110.97865
110.80047
110.62107
110.44361
110.27051
110.10523
109.95313
112.02046
112.19086
112.30564
112.34236
112.33886
112.29495
112.21009
112.08552
111.92884
111.7529
111.55914
111.36032
111.15461
110.95184
110.74768
110.54266
110.34244
110.15743
109.97886
112.49964
112.66475
112.75917
112.79622
112.79041
112.71796
112.60482
112.45607
112.27891
112.08334
111.87224
111.65226
111.41328
111.16713
110.92663
110.70309
110.48561
110.27157
110.06954
113.03682
113.18162
113.2896
113.3334
113.2782
113.19986
113.07962
112.9026
112.69891
112.4643
112.2185
111.94846
111.66067
111.38458
111.13412
110.87568
110.61087
110.35734
110.11727
113.63207
113.81253
113.88522
113.87993
113.84479
113.74486
113.57663
113.37947
113.13153
112.86258
112.57132
112.26419
111.98436
111.70072
111.3846
111.06327
110.7707
110.50542
110.24689
114.28736
114.43197
114.50992
114.53705
114.47738
114.33582
114.16371
113.92633
113.65219
113.35936
113.03501
112.70389
112.35882
111.99187
111.63726
111.32189
111.00729
110.68328
110.37422
114.98038
115.14349
115.223
115.20368
115.11125
114.98266
114.77394
114.50218
114.2144
113.87683
113.50004
113.10983
112.71627
112.3424
111.97606
111.59821
111.20934
110.83702
110.48773
115.74629
115.90144
115.95472
115.92562
115.84987
115.66332
115.4167
115.1452
114.7943
114.40721
114.00989
113.60893
113.17964
112.7311
112.28978
111.85946
111.44373
111.04955
110.66051
116.55289
116.69538
116.7686
116.74861
116.61739
116.40626
116.14518
115.81008
115.42757
115.02748
114.58876
114.09912
113.60433
113.12886
112.6591
112.18182
111.71066
111.25351
110.81765
117.40321
117.57288
117.60332
117.55735
117.40719
117.20077
116.9032
116.52689
116.11546
115.65243
115.14514
114.6347
114.12007
113.579
113.02811
112.49239
111.96976
111.46207
110.97033
118.32558
118.46013
118.4995
118.44598
118.29192
118.04315
117.69854
117.29585
116.84614
116.3328
115.78363
115.20871
114.60877
114.01649
113.42365
112.83273
112.24653
111.67685
111.117
119.2806
119.43272
119.47234
119.38041
119.19702
118.91739
118.54825
118.11844
117.60799
117.02854
116.43721
115.80324
115.15695
114.4973
113.83498
113.17693
112.52608
111.88482
111.26184
120.26598
120.40992
120.42432
120.33137
120.12938
119.81943
119.42535
118.94172
118.37738
117.77175
117.11496
116.43195
115.71858
114.9954
114.26148
113.52042
112.79314
112.09127
111.39953
121.28728
121.42436
121.45086
121.34521
121.11461
120.7879
120.34886
119.82008
119.21882
118.54956
117.82692
117.07749
116.28859
115.48836
114.66793
113.86501
113.07135
112.2805
111.47784
122.34838
122.48852
122.49421
122.36412
122.13184
121.7559
121.28042
120.72247
120.06466
119.34643
118.57549
117.73655
116.8635
115.99267
115.11691
114.2268
113.31477
112.4248
111.58283
123.41969
123.5564
123.55848
123.41719
123.1468
122.7503
122.25485
121.64327
120.93365
120.16688
119.31036
118.40386
117.48361
116.5355
115.53562
114.54025
113.56568
112.62213
111.66091
124.52
124.6616
124.6492
124.48779
124.19879
123.78621
123.2333
122.58277
121.83317
120.9833
120.06294
119.10764
118.10013
117.03122
115.96136
114.89123
113.80398
112.71005
111.63438
125.6318
125.76466
125.74009
125.58087
125.26325
124.81078
124.24559
123.53687
122.71544
121.82666
120.86211
119.81733
118.71277
117.56163
116.383
115.18262
114.00612
112.81397
111.6381
126.73726
126.87659
126.84345
126.65859
126.33106
125.84901
125.23454
124.48046
123.63556
122.69494
121.63213
120.50899
119.31493
118.0747
116.78333
115.51347
114.20018
112.8617
111.551
127.84715
127.9863
127.94059
127.74783
127.38856
126.87659
126.22229
125.44367
124.54475
123.53092
122.4068
121.20829
119.92274
118.58233
117.19353
115.77733
114.32704
112.89932
111.46859
128.95186
129.08449
129.03939
128.82709
128.44177
127.91347
127.21765
126.39351
125.44618
124.37639
123.17407
121.8875
120.52561
119.07347
117.57332
116.02342
114.4764
112.89969
111.29815
130.03692
130.15938
130.10682
129.88124
129.47585
128.92422
128.19575
127.33523
126.33015
125.19484
123.9242
122.56372
121.10931
119.56125
117.95663
116.28674
114.59124
112.85713
111.1274
108.826
107.60223
105.95806
103.75335
100.65118
96.538332
89.631527
85.381706
67.205176
106.82865
105.20908
103.19428
100.56775
96.879067
92.157216
84.230536
79.891172
59.575479
104.79912
102.9731
100.49071
97.36203
93.189639
87.948967
78.804404
74.463963
52.313295
102.88472
100.69741
97.823593
94.18538
89.540107
83.86857
73.567799
69.367359
45.187866
101.02081
98.40043
95.186278
91.151045
86.0254
80.032984
68.398714
64.412834
38.34629
99.126565
96.266889
92.749257
88.293198
82.5922
76.431908
63.449264
59.764095
31.782927
97.358168
94.272614
90.494707
85.650576
79.24403
73.159397
58.583535
55.459777
25.693656
95.735329
92.310971
88.239914
83.188126
75.98969
70.228196
53.963124
51.551958
19.88804
94.149622
90.468113
86.124973
81.011185
72.815684
67.683076
49.541205
48.016501
14.725462
92.666364
88.821512
84.162065
79.178864
69.796377
65.533667
45.500883
44.901007
10.058808
91.359392
87.455274
82.281922
77.641785
66.960975
63.772214
41.847968
42.178174
5.9242409
90.127176
86.283006
80.522658
76.408595
64.390964
62.34952
38.767601
39.834877
2.4885822
89.023584
85.315108
78.881816
75.448816
62.144575
61.165588
36.342038
37.857161
-0.10141509
88.056279
84.586244
77.463814
74.722598
60.35944
60.168539
34.633465
36.267226
-1.7921385
87.242368
83.996891
76.322038
74.129001
59.139046
59.262575
33.793909
35.102643
-2.7698156
86.621671
83.528992
75.539111
73.549447
58.636841
58.434463
33.771148
34.351215
-2.8865853
86.164001
83.120272
75.196824
72.967061
58.808327
57.732065
34.517749
34.124834
-2.2203742
85.916798
82.74167
75.241065
72.43151
59.567595
57.251562
35.903271
34.45067
-0.72207752
85.828264
82.483034
75.570313
72.110801
60.61754
57.278864
37.681683
35.628708
1.5441986
85.872608
86.063897
86.368173
86.817662
87.370007
88.004971
88.756917
89.590608
90.495823
91.481104
92.598904
93.778524
95.058621
96.42494
97.936939
99.56128
101.27347
103.10705
105.07342
82.367806
82.474364
82.788647
83.264185
83.922162
84.717182
85.647292
86.66462
87.804737
88.984114
90.260624
91.578584
92.96896
94.426922
95.964339
97.599178
99.340683
101.25053
103.33931
76.084368
76.730606
77.533799
78.438757
79.492055
80.655176
81.951142
83.318735
84.732623
86.16051
87.577679
89.003681
90.429972
91.885418
93.361617
94.899863
96.502354
98.253451
100.18126
72.15293
72.543339
73.275125
74.270687
75.485436
76.848279
78.34196
79.941544
81.565752
83.249415
84.853749
86.462841
87.995248
89.432729
90.782185
92.070175
93.30998
94.649434
96.093472
61.845939
63.237518
64.804427
66.59279
68.579326
70.779854
73.111962
75.522172
77.899325
80.223275
82.340164
84.262961
85.924682
87.347363
88.542846
89.503096
90.231304
90.816649
91.28567
57.871003
59.075267
60.770012
62.87055
65.247511
67.837263
70.531035
73.257252
75.911854
78.468955
80.761527
82.761885
84.323008
85.507911
86.27291
86.781663
87.031072
87.209139
86.911415
39.706093
42.048332
44.6458
47.721386
51.238353
55.225313
59.502361
64.031041
68.583654
73.039625
77.01834
80.320846
82.52237
83.578515
83.513965
83.325483
83.865945
84.76161
84.156925
37.631599
40.533073
44.193284
48.598354
53.474191
58.791881
64.319783
70.064273
75.719205
81.129174
85.790825
89.327195
90.781046
89.805101
85.476159
81.099699
82.791513
87.072068
87.433045
4.6916112
8.5902827
13.432015
18.961221
25.412225
32.621055
40.74843
49.455329
58.751193
68.119096
77.284618
85.028777
90.442595
90.425883
86.133923
84.727333
83.244348
81.953453
82.184966
107.2977
109.74093
112.52044
115.46813
118.69821
121.80716
124.66923
126.87951
126.34871
122.32192
115.81115
107.05246
97.203476
87.685311
79.015905
71.64767
66.22791
62.859866
61.051939
105.74201
108.50213
111.6129
115.21819
119.27677
123.32065
127.12187
127.37654
124.32858
119.50191
112.93766
105.58413
97.610533
89.378281
80.70975
72.432602
65.409431
59.788445
55.836183
102.30369
104.7226
107.39732
110.45541
113.7528
117.25761
120.56315
120.46175
117.41269
113.25368
107.58549
100.82931
93.355469
84.795654
75.535793
66.386497
57.884855
50.997315
45.448905
97.606071
99.17052
100.82587
102.61867
104.30206
105.8177
106.53545
106.47545
105.08137
102.31268
97.511667
91.084273
83.412175
74.619738
65.285493
55.693316
46.630072
38.476843
31.368973
91.707285
92.066034
92.210964
92.46823
92.489586
93.720526
94.485867
94.070627
92.723726
90.109353
85.437373
79.222815
71.921952
63.412962
53.876091
43.828051
33.560519
23.599922
14.513643
86.203421
84.842123
83.297665
83.602021
84.436951
85.116603
86.547788
86.458809
85.240652
82.258787
77.786808
72.089086
65.068389
57.0061
48.13378
38.735755
28.997233
19.690651
11.308665
84.718989
84.360829
82.468997
81.102548
81.36612
83.132583
84.250874
84.211332
82.610834
79.624639
75.448608
69.979601
63.399453
56.073474
47.967657
39.429287
30.883116
22.742407
15.601708
85.843121
84.855751
84.4831
85.163816
85.527827
85.939695
86.172449
85.416505
83.513756
80.455478
76.329674
70.985682
64.615126
57.737075
50.438208
42.881741
35.614291
29.064378
23.517312
84.010052
84.801278
84.951903
85.692627
86.396395
87.271413
87.44855
86.638373
84.629155
81.389863
76.921931
71.224038
64.293247
56.389128
48.172618
39.815159
31.512747
24.074648
18.251652
60.467256
61.314615
63.46658
65.880965
68.40492
71.122836
73.417059
75.35769
77.134143
78.562692
79.461797
80.010644
80.334122
80.381763
80.114618
79.701031
79.160027
78.392612
77.525086
53.551464
52.850861
53.485466
55.052972
57.195964
59.929849
62.715551
64.97619
67.23557
69.523819
71.016071
72.01402
72.974782
73.445945
73.448161
73.525067
73.289782
72.777092
72.244983
41.491348
39.376293
39.1511
40.176751
42.082746
45.263155
49.06062
52.602189
55.941341
58.951325
61.490847
63.459905
64.880805
65.836549
66.577688
67.104675
67.236329
67.141659
66.755242
25.651942
21.969617
20.773904
21.366632
24.036549
28.469637
33.582993
38.82756
43.971438
48.532994
52.203818
55.14073
57.556091
59.436339
60.931441
61.863773
62.336633
62.406734
61.975944
7.1366599
2.8107361
1.5081014
3.1557685
7.2763256
13.675115
21.249864
28.765097
35.730113
41.615521
46.504433
50.602285
53.778558
55.9837
57.40045
58.240821
58.631765
58.653684
58.074038
4.4162083
0.3770379
-0.34896617
1.8821185
6.6029077
14.338434
22.452089
30.609015
37.973733
43.709608
48.497243
52.294324
54.428841
55.416356
55.5881
55.36462
55.144055
54.848665
54.342111
10.027619
6.8168055
6.4852083
8.9472539
13.635554
20.5345
28.815209
37.046523
44.66979
51.454041
59.597463
61.709574
57.010882
54.981406
53.942596
52.011813
50.498182
50.287784
51.129254
19.338778
16.899081
17.038562
20.085325
25.446335
32.400601
39.986216
46.94891
52.775681
56.915682
58.871572
59.252769
56.895529
58.247789
56.993479
50.557272
47.697008
50.313951
56.429064
14.434239
12.972112
13.910881
17.106409
22.195946
28.614762
35.482036
41.941211
47.236757
51.248688
53.616624
54.517589
52.716266
50.147992
50.760563
51.818094
52.847816
53.389785
55.100467
76.56247
75.482146
74.357841
73.223755
72.003561
70.828413
69.678165
68.533443
67.509703
66.462703
65.622447
64.695559
63.97085
63.388078
62.740089
62.440207
62.14565
62.050006
62.226816
71.406677
70.43507
69.387907
68.202498
66.980325
65.707889
64.340324
63.053763
61.842983
60.686645
59.596054
58.593071
57.76071
57.150803
56.749961
56.587189
56.743099
57.120392
57.598367
66.003097
65.110948
64.047004
62.771525
61.470945
59.962092
58.38771
56.80662
55.113045
53.539131
52.023888
50.717816
49.555195
48.479784
47.567105
46.74653
45.932138
45.34182
44.993967
61.21715
60.219439
58.876745
57.308642
55.735064
53.894813
52.080816
50.292469
48.42479
46.756696
45.089718
43.623885
42.325593
41.215083
40.499089
40.144041
40.279486
40.745144
41.406006
57.157909
55.863808
54.211071
52.209476
49.875265
47.338435
44.654298
41.877871
39.120186
36.436792
33.879614
31.571902
29.493795
27.699299
25.972275
24.343061
22.872596
21.657125
20.666581
53.609236
52.379056
50.574889
48.396796
45.765464
42.957105
39.923004
36.863785
33.76368
30.726003
27.791827
25.015521
22.492153
20.321036
18.635921
17.569887
17.158914
17.346632
18.045351
50.694194
49.038529
45.887035
41.84021
37.050189
31.891483
26.567222
21.246831
16.121984
11.288556
6.8846434
2.8949321
-0.58656632
-3.6528211
-6.244684
-8.6399554
-10.778043
-12.617033
-14.081383
58.254203
57.295124
54.102822
49.358087
43.791185
37.590248
31.286235
24.861773
18.72011
12.706394
7.0734396
1.775663
-2.9755064
-7.154234
-10.555227
-13.145722
-14.898029
-15.807898
-15.80507
56.78679
52.982853
45.885227
36.36744
25.964654
15.145319
4.5786978
-5.5084863
-14.99578
-23.657557
-31.51762
-38.497974
-44.679909
-50.007132
-54.544723
-58.201072
-61.104871
-63.280394
-64.579578
62.559641
63.215504
64.005087
65.042452
66.235594
67.539158
69.081109
70.694751
72.477054
74.424358
76.464261
78.684251
80.983836
83.399717
85.896796
88.433601
91.060885
93.693561
96.334446
58.070431
58.527418
59.015362
59.650705
60.458655
61.554819
62.971382
64.651593
66.650721
68.831034
71.203546
73.734798
76.366763
79.169803
82.019003
84.969158
87.989963
91.041641
94.158189
45.142947
45.853503
47.021762
48.740715
50.651562
52.782344
55.0281
57.328514
59.788023
62.345312
65.08302
67.937157
70.954878
74.132715
77.410187
80.815562
84.267178
87.850212
91.429761
42.246347
42.962793
43.621722
44.337176
45.173068
46.3971
47.883574
49.784221
52.050242
54.640002
57.590822
60.767392
64.265017
67.951432
71.794128
75.781353
79.799722
83.934303
88.062577
20.219367
20.520486
21.785729
23.676941
26.196078
29.18282
32.3822
36.002043
39.648115
43.630608
47.621338
51.735133
55.999932
60.283914
64.806161
69.310302
73.959638
78.722315
83.45609
19.000135
20.039754
21.355016
22.578022
24.064761
25.619546
27.466917
29.714942
32.316139
35.460941
38.871802
42.856325
47.040213
51.686146
56.55666
61.623897
66.934238
72.284481
77.818173
-15.060569
-15.383324
-14.440409
-12.547985
-10.068464
-6.7631519
-2.8651445
1.6296157
6.5536785
11.913801
17.552865
23.431965
29.508602
35.826224
42.231963
48.783063
55.372603
62.037071
68.883881
-15.412906
-14.64291
-12.991329
-11.081275
-8.9296979
-5.8083023
-3.0954191
0.57431254
4.38646
8.667043
13.402893
18.560912
24.122873
29.912798
35.974102
42.41264
49.155575
56.011764
63.064946
-64.759914
-63.967087
-63.333976
-61.814593
-58.917564
-55.892614
-51.466012
-46.582187
-40.671108
-34.30346
-27.598741
-20.317927
-12.539021
-4.2793297
4.291588
12.985337
21.679181
31.127796
40.111546
98.981771
101.63157
104.24555
106.80758
109.34904
111.79588
114.13628
116.42227
118.64005
120.64187
122.52783
124.31979
125.92272
127.34579
128.58204
129.69892
130.5813
131.2618
131.80462
97.266934
100.37912
103.43245
106.42982
109.38757
112.2627
115.07053
117.65028
120.10751
122.5595
124.79064
126.74461
128.58151
130.29721
131.74146
132.92589
133.98872
134.7955
135.30412
95.013862
98.64926
102.20648
105.71708
109.11986
112.47614
115.69564
118.78858
121.73093
124.42747
126.99004
129.35837
131.46796
133.36086
135.03741
136.46146
137.58224
138.48935
139.11952
92.243396
96.387147
100.47891
104.56016
108.50787
112.37165
116.07791
119.6285
122.99637
126.18366
129.15992
131.86585
134.32533
136.51706
138.42026
140.07891
141.37866
142.37138
143.07125
88.34447
93.105911
97.887299
102.58975
107.16516
111.67832
115.93652
120.12361
124.03115
127.6642
131.0537
134.19906
137.09946
139.52154
141.73418
143.68466
145.13846
146.26162
147.03272
83.354505
88.881606
94.420352
99.805376
105.10371
110.2575
115.21993
120.04008
124.4913
128.72776
132.66594
136.23616
139.49196
142.39337
145.03799
147.08887
148.73747
150.10753
150.97737
75.622578
82.417017
89.03651
95.49247
101.73787
107.6821
113.43975
118.89652
124.06428
128.93054
133.45194
137.63693
141.30096
144.6772
147.67733
149.95739
152.0721
153.56822
154.46254
69.894296
77.075387
83.957228
91.045041
97.739427
104.47063
110.93869
117.04767
123.09315
128.37016
133.70544
138.38905
142.41047
146.34216
149.45883
152.24557
154.65264
156.18744
157.32482
49.387506
58.64573
67.770751
76.859689
85.689567
94.009979
101.99157
109.98622
117.16007
123.99785
130.3476
136.09726
141.48315
146.03312
149.99165
153.49073
155.81721
157.60434
158.93439
132.10376
132.22018
132.15007
131.85607
131.42043
130.80777
129.97708
129.02196
127.91906
126.63975
125.20225
123.69254
122.10187
120.35572
118.54264
116.67407
114.76364
112.79847
110.80777
135.67148
135.75506
135.61018
135.28037
134.73898
133.92368
132.94088
131.79507
130.38157
128.8778
127.29012
125.43603
123.42773
121.3856
119.25653
117.00938
114.6756
112.36069
110.06413
139.46666
139.55842
139.36877
138.96491
138.18436
137.24331
136.08442
134.65752
133.04883
131.24515
129.17466
127.00997
124.72241
122.26754
119.6753
117.02596
114.37064
111.58538
108.7512
143.42444
143.4872
143.27035
142.67265
141.80275
140.70094
139.27017
137.61699
135.64081
133.39983
131.07938
128.53748
125.73855
122.85201
119.88139
116.74567
113.56109
110.343
107.03128
147.46867
147.51567
147.13313
146.51193
145.47493
144.04099
142.34988
140.3401
138.02059
135.52428
132.68668
129.62639
126.45667
123.01254
119.46536
115.83523
112.07904
108.28112
104.47618
151.39366
151.42497
150.96722
150.14261
148.88299
147.26707
145.30196
142.86776
140.22084
137.28196
133.97287
130.42043
126.61805
122.63116
118.49553
114.18935
109.82708
105.35753
100.91889
154.97976
154.96818
154.36958
153.38064
151.96914
150.00967
147.66517
144.96865
141.7995
138.30554
134.44386
130.24742
125.92406
121.21961
116.30697
111.24954
105.96088
100.60278
95.085298
157.85914
157.87291
157.23289
155.94978
154.25043
151.97835
149.32183
146.16199
142.52223
138.57187
134.07256
129.36431
124.31633
119.11091
113.59373
107.9791
102.36352
96.616858
91.109776
159.39445
159.31503
158.62826
157.31491
155.38242
152.56914
149.19277
145.56426
140.86158
135.66054
130.29295
124.35995
118.04591
111.23506
104.39037
97.166331
89.721509
82.251195
74.659895
)
;

boundaryField
{
    back
    {
        type            empty;
    }
    top
    {
        type            zeroGradient;
    }
    front
    {
        type            empty;
    }
    outlet
    {
        type            fixedValue;
        value           uniform 100;
    }
    bottom
    {
        type            zeroGradient;
    }
    inlet
    {
        type            zeroGradient;
    }
    wall
    {
        type            zeroGradient;
    }
}


// ************************************************************************* //
