/*--------------------------------*- C++ -*----------------------------------*\
  =========                 |
  \\      /  F ield         | OpenFOAM: The Open Source CFD Toolbox
   \\    /   O peration     | Website:  https://openfoam.org
    \\  /    A nd           | Version:  11
     \\/     M anipulation  |
\*---------------------------------------------------------------------------*/
FoamFile
{
    format      ascii;
    class       volScalarField;
    location    "16.5";
    object      p;
}
// * * * * * * * * * * * * * * * * * * * * * * * * * * * * * * * * * * * * * //

dimensions      [0 2 -2 0 0 0 0];

internalField   nonuniform List<scalar> 
4455
(
144.99558
145.09852
145.29456
145.60833
146.02283
146.60338
147.27753
148.56837
148.93461
144.90034
145.01974
145.23871
145.56797
146.02043
146.63467
147.44333
148.72853
149.62944
144.75309
144.90054
145.14701
145.49944
145.97323
146.6217
147.4614
148.85136
149.85758
144.56061
144.7442
145.0208
145.39741
145.88831
146.57714
147.47334
148.96486
150.19641
144.33254
144.55463
144.86236
145.26225
145.7732
146.50069
147.47541
149.07799
150.62548
144.07626
144.33796
144.67556
145.09596
145.6315
146.40105
147.4448
149.18535
151.03048
143.79989
144.10001
144.46523
144.90256
145.45883
146.26857
147.37845
149.28099
151.4604
143.51389
143.84624
144.23558
144.68711
145.26141
146.1082
147.27339
149.34991
151.88786
143.22676
143.58315
143.99045
144.45418
145.04279
145.92572
147.14554
149.39387
152.32635
142.94573
142.67793
142.43115
142.20996
142.01709
141.85444
141.7244
141.62903
141.57239
143.31558
143.04826
142.7883
142.5396
142.3073
142.09539
141.90692
141.74426
141.60686
143.7322
143.46283
143.192
142.92358
142.6608
142.40774
142.16689
141.94078
141.72825
144.20128
143.92768
143.64637
143.36128
143.07336
142.78606
142.50286
142.22762
141.95604
144.80005
144.52884
144.24585
143.95308
143.64992
143.34058
143.02979
142.72607
142.42231
145.71749
145.46961
145.19802
144.90528
144.58579
144.24836
143.89561
143.53991
143.17835
146.99722
146.81667
146.60752
146.35817
146.04566
145.68948
145.30052
144.90083
144.49518
149.4336
149.36601
149.17924
148.88642
148.49173
148.03207
147.52746
146.99099
146.41387
152.87838
153.23465
153.03825
152.4153
151.54018
150.54749
149.51039
148.46195
147.4113
141.56609
141.54537
141.50023
141.44177
141.36641
141.2801
141.17275
141.05262
140.9081
141.52349
141.44406
141.34616
141.23002
141.0951
140.9425
140.77113
140.58102
140.37019
141.58813
141.48079
141.36842
141.24583
141.10908
140.95621
140.78587
140.59765
140.39069
141.75829
141.6199
141.48682
141.34595
141.18938
141.01416
140.81878
140.60335
140.36779
142.18859
142.03989
141.91106
141.77734
141.62493
141.45037
141.2531
141.03485
140.79744
142.88146
142.69778
142.54463
142.38473
142.20177
141.99187
141.75514
141.49643
141.22216
144.16252
143.95562
143.78157
143.58813
143.36118
143.10167
142.81493
142.50878
142.19486
145.88039
145.40698
144.92964
144.43178
143.91039
143.36911
142.81813
142.27057
141.75439
146.47775
145.64133
144.80716
143.99133
143.19964
142.42936
141.69339
141.00197
140.38233
139.9546
139.54759
139.41286
139.62372
140.1424
140.8586
141.65832
142.50593
143.38677
141.317
140.94851
140.64184
140.40666
140.24656
140.16563
140.16395
140.27295
140.44649
141.89665
141.62141
141.35777
141.11172
140.88717
140.68802
140.51578
140.3724
140.25857
140.94317
140.66963
140.39284
140.11425
139.83485
139.55593
139.27846
139.00432
138.7344
140.54917
140.29571
140.03097
139.75541
139.46842
139.1703
138.86046
138.53966
138.20757
140.11646
139.85127
139.56808
139.2673
138.94871
138.61213
138.25672
137.88235
137.48794
140.16718
139.92713
139.66719
139.38675
139.08499
138.76104
138.41361
138.04181
137.64403
140.1396
139.88759
139.61404
139.31854
139.00143
138.65978
138.29292
137.89715
137.47241
140.72579
140.50606
140.27425
140.02867
139.76772
139.48084
139.16565
138.81664
138.43454
138.01593
137.5615
137.06679
136.53263
135.95245
135.3272
134.64835
133.91697
133.12269
137.01552
136.52693
136.00317
135.44468
134.84679
134.20981
133.52756
132.80018
132.01999
137.21956
136.76643
136.28404
135.76961
135.22245
134.6386
134.01712
133.35252
132.64368
137.07367
136.63807
136.18142
135.70127
135.19775
134.66681
134.10823
133.51588
132.88913
137.86523
137.51185
137.14845
136.77268
136.38531
135.98148
135.56147
135.1177
134.65004
138.47076
138.21371
137.96457
137.72129
137.48455
137.24825
137.01205
136.76585
136.50889
140.17603
140.12334
140.10126
140.10475
140.13338
140.17751
140.23621
140.29789
140.36052
140.69517
141.00322
141.36979
141.78467
142.24563
142.74321
143.27448
143.82899
144.40242
144.29384
145.22192
146.17442
147.15005
148.15919
149.19926
150.26577
151.35945
152.4838
153.63144
144.98113
140.41001
136.22799
134.14822
132.21956
131.88349
131.18736
132.26677
154.79972
145.56004
140.44213
135.9221
133.61181
131.50615
131.07056
130.29283
131.33665
155.9784
146.11841
140.4455
135.57504
133.02791
130.73815
130.19611
129.33667
130.33383
157.16176
146.64915
140.41096
135.18411
132.39568
129.91413
129.25851
128.30665
129.24352
158.32757
147.12009
140.32089
134.72915
131.69961
129.02118
128.24728
127.20272
128.06763
159.45975
147.52202
140.16136
134.20478
130.93811
128.05761
127.16034
126.01361
126.79119
160.46353
147.80702
139.90958
133.5956
130.09299
127.00908
125.98599
124.7391
125.41667
161.29074
147.96343
139.54562
132.89009
129.15998
125.87429
124.72023
123.37133
123.93734
161.72104
147.8883
139.02895
132.06566
128.11682
124.63867
123.34318
121.90891
122.36663
120.71934
120.3415
121.83708
123.27757
126.91345
131.06788
138.28192
147.51401
161.66017
119.05071
118.65862
120.17454
121.76709
125.47654
129.77828
137.02849
146.15924
158.74903
117.14936
116.8466
118.36459
120.10154
123.82225
128.21005
135.36499
144.3321
156.18617
114.98821
114.89344
116.40841
118.28459
121.97917
126.43222
133.48264
142.34397
153.84576
112.55138
112.78194
114.30482
116.31516
119.98605
124.51023
131.47321
140.27669
151.46364
109.97268
110.51827
112.05029
114.20722
117.85523
122.45834
129.34984
138.09197
148.96713
107.22414
108.09757
109.64014
111.95227
115.58691
120.26388
127.08804
135.77019
146.36871
104.33827
105.52876
107.07062
109.55726
113.17497
117.91757
124.67662
133.29031
143.7576
101.24411
102.8091
104.3361
107.01008
110.61141
115.40753
122.1035
130.67528
141.11489
138.43235
127.91197
119.37679
112.73748
107.8915
104.32631
101.43447
99.94223
97.975264
135.69711
125.01913
116.4949
109.91415
105.01358
101.49435
98.356705
96.920898
94.485922
132.90823
121.97945
113.47223
106.94643
101.9814
98.520567
95.124034
93.751113
90.825069
130.04668
118.80188
110.30264
103.83987
98.800385
95.401291
91.722716
90.422195
86.953908
127.10928
115.45947
107.003
100.59795
95.479806
92.143807
88.180103
86.944596
82.920725
124.05967
111.96792
103.566
97.225117
92.028803
88.742587
84.481302
83.310096
78.686993
120.89076
108.29979
100.00707
93.72726
88.461117
85.217184
80.659422
79.534061
74.308616
117.56787
104.48137
96.335645
90.114061
84.788057
81.551805
76.701234
75.608497
69.756957
114.08232
100.48479
92.564887
86.394606
81.02284
77.77491
72.649953
71.56552
65.137386
60.530025
67.355321
68.448982
73.779775
77.068039
82.437949
88.508296
96.069005
110.03805
56.008109
62.981156
64.140707
69.567032
72.900566
78.204779
84.135284
90.999199
105.11415
51.302304
58.477558
59.758395
65.210108
68.667668
73.885896
79.703916
85.855364
99.726255
46.467526
53.878495
55.344321
60.764308
64.376072
69.525532
75.306687
80.696331
93.872945
41.480533
49.171459
50.88177
56.24653
60.047101
65.160046
70.975409
75.721151
87.433807
36.58155
44.405627
46.395834
51.699227
55.687287
60.80687
66.753997
71.007257
80.199084
31.749244
39.597994
41.882384
47.126597
51.316208
56.474274
62.66429
66.898097
71.723613
27.166615
34.819544
37.385896
42.565729
46.950454
52.163588
58.71032
63.58046
62.116162
22.051586
30.123974
32.917078
38.043815
42.650512
47.902882
54.876011
61.492656
52.260053
16.908143
25.569348
28.462769
33.565084
38.307
43.650114
50.611217
60.262365
45.624241
12.587962
21.32693
24.137629
29.264701
34.346544
40.028274
46.712682
59.431131
41.545254
9.1066242
17.234433
20.043177
25.182956
30.68469
36.967399
43.64677
57.405723
42.125839
5.9193925
13.301257
16.150938
21.000587
26.961917
33.852572
41.157822
54.5474
53.001282
3.0208567
9.4505941
12.366546
16.637923
23.03168
30.501306
38.776449
50.013756
51.277007
0.42128912
5.7517641
8.7354427
12.029445
18.92342
26.917833
36.121242
46.540942
45.599182
-1.7523557
2.1632687
5.2714733
7.2676254
14.656409
23.143414
33.631985
46.244752
45.881773
-3.4566426
-1.2943224
1.9984509
2.3979856
10.241725
19.283559
31.984061
44.011784
43.455282
-4.6262903
-4.6102639
-1.126416
-2.477414
5.6530093
15.064004
30.811682
40.509604
42.875551
42.625464
39.37127
30.305579
11.711273
1.1853627
-7.1066486
-3.9719626
-7.6431592
-5.2532186
42.587375
38.881034
28.918964
8.3672835
-3.1412331
-11.417197
-6.607886
-10.308373
-5.308213
42.52167
38.622145
27.047521
4.932326
-7.7177432
-15.690002
-9.0365254
-12.592038
-4.9981032
42.325414
37.816899
24.907761
1.5997289
-12.442115
-19.861952
-11.286817
-14.462294
-4.2346391
41.933077
36.38817
22.692018
-1.5403688
-17.326358
-23.892936
-13.269188
-15.897605
-3.0161942
41.412819
35.205387
20.219592
-4.5957654
-22.282917
-27.741803
-15.039993
-16.914063
-1.3020147
40.769994
34.095515
17.808
-7.7353112
-27.405289
-31.352522
-16.522463
-17.479076
0.81562288
39.941468
33.048362
15.777427
-10.933072
-32.500076
-34.651574
-17.776128
-17.562166
3.3390363
39.554451
32.3825
14.042007
-14.689671
-38.082405
-37.670672
-18.71636
-17.082407
6.4617227
38.924805
30.719174
10.679869
-21.080084
-46.464883
-41.671382
-19.69943
-15.207339
12.352659
37.91272
25.929523
0.63935587
-34.377154
-59.134278
-45.060732
-18.697902
-9.9802904
21.695231
37.296764
21.0179
-7.1547823
-47.486252
-70.10398
-45.769374
-15.484776
-2.2362202
32.041765
36.507354
15.375892
-18.547112
-61.018258
-79.323195
-43.456213
-9.9409509
7.537007
42.53782
34.212478
9.5111236
-28.15732
-73.837929
-85.691047
-38.20139
-2.7223417
18.691434
52.730426
31.031653
3.2987675
-39.215081
-86.385951
-89.420132
-30.032231
6.0925566
30.580761
61.808605
27.635582
-3.0945538
-49.980214
-96.926219
-89.825565
-19.38177
15.371474
42.519062
69.7062
24.229997
-9.4961217
-60.595065
-105.98837
-87.246153
-6.4503964
25.054464
54.168805
76.083384
20.343947
-18.339015
-70.389705
-109.65587
-80.377041
7.3485306
34.114698
64.798938
80.919541
23.620116
-17.86742
-102.22821
-125.7883
-64.264287
-0.91956969
48.530948
78.815126
114.97813
23.750417
-16.861882
-92.884767
-125.93988
-72.062969
-6.2836299
49.851008
79.857572
113.46919
23.758874
-15.952298
-85.558786
-126.5986
-79.803639
-11.841046
49.359662
78.774115
111.68069
23.652452
-15.585908
-78.830382
-127.78192
-88.281691
-16.408822
48.522736
76.157999
109.29218
23.537655
-14.90356
-73.779583
-129.65841
-96.074852
-20.591192
47.139897
73.300483
107.37363
23.327876
-15.062652
-70.240242
-131.79534
-103.13876
-24.398265
45.936883
70.17117
105.49694
23.069688
-14.791902
-67.463684
-134.04332
-109.0261
-28.06892
44.598786
67.395102
104.02141
22.819933
-14.946118
-66.788801
-135.55085
-111.68785
-29.604148
43.437462
64.475731
102.78797
22.62148
-14.967345
-66.448389
-135.69288
-113.84724
-28.952428
42.310256
63.162263
101.32334
18.166358
-51.072026
-146.94163
-139.56646
-28.339141
15.697893
39.626596
68.052993
81.819129
24.275545
-38.984384
-135.70112
-145.70402
-44.097804
5.9195912
31.606264
58.301999
77.551894
29.933256
-26.838368
-118.77628
-144.4268
-57.644428
-4.9607736
23.140704
47.598615
71.863589
34.873938
-14.931086
-104.891
-138.99891
-68.468622
-15.731348
14.681015
36.614798
64.767288
39.025251
-2.8274323
-85.863445
-129.1443
-75.869599
-26.033265
6.2551108
25.475094
56.503915
42.057543
9.3025246
-70.106819
-116.80263
-79.767887
-34.627115
-1.613668
14.735449
47.098975
43.819658
20.184372
-49.961594
-101.58979
-79.55852
-41.296708
-8.8759477
4.6280565
37.180718
45.984647
29.338563
-35.182207
-85.352717
-75.28786
-45.026193
-14.308333
-4.0540616
27.118148
48.734542
37.88955
-14.71606
-64.730609
-66.758921
-45.766215
-17.751324
-10.829657
17.519952
-5.4807858
-11.268219
-9.7426517
-18.17937
-15.155787
-12.539412
25.732936
54.613516
56.516351
-4.9649513
-13.277627
-11.95821
-22.546354
-20.556563
-17.701405
22.044932
53.272109
56.060215
-3.9925118
-14.800226
-13.829774
-26.664105
-26.110983
-23.047595
18.249478
51.505888
55.240103
-2.5060997
-15.860004
-15.411729
-30.511256
-31.734551
-28.35097
13.946951
49.737711
54.3434
-0.59339559
-16.449983
-16.642997
-34.054265
-37.36628
-33.625183
9.5171601
47.900759
53.423914
1.7453525
-16.597113
-17.594885
-37.258161
-42.910397
-38.713322
5.117466
46.233043
52.422163
4.4159477
-16.272031
-18.201109
-40.056356
-48.33712
-44.224125
1.3454628
44.632148
51.582699
7.4080613
-15.469138
-18.515464
-42.368255
-53.484949
-49.65058
-2.7066198
43.12329
50.312245
10.98336
-14.111335
-18.483176
-44.146204
-59.259735
-55.583658
-6.389929
42.212103
49.698837
56.993043
54.685984
28.06682
-7.2930782
-9.4520321
-13.287559
-7.2116232
-8.7871611
-5.545847
57.510024
55.70415
29.928047
-0.52742208
-3.5636465
-7.9921236
-4.3074735
-5.8962734
-5.0803204
59.746089
58.674612
32.112035
5.5634244
2.0438692
-2.6134819
-1.1784699
-2.7561633
-4.0658714
59.958914
58.283542
34.64161
11.59606
7.4040249
2.727701
2.2264968
0.59380989
-2.5049043
62.625104
60.168359
37.402535
17.380913
12.530591
7.9498802
5.8670468
4.1457129
-0.44518704
66.075304
63.933819
39.791283
22.738237
17.430208
12.941642
9.754093
7.9189369
2.0292161
55.597586
65.407019
42.048213
27.571372
22.076652
17.717859
13.856848
11.882713
4.8663259
53.611427
65.815783
44.762084
31.820521
26.624707
22.39128
18.222294
16.068487
8.1426804
56.619335
65.465092
49.061131
36.808664
31.51123
27.273734
22.854
20.46939
12.293801
58.479629
65.835472
67.252905
73.335367
77.738035
84.888844
93.007946
101.48624
114.91886
53.501093
61.006915
62.439601
68.606676
73.038844
80.267474
88.627081
96.748558
110.4538
48.356491
56.034298
57.503746
63.672914
68.166729
75.424018
84.091011
91.956634
105.58109
43.126031
50.965803
52.526967
58.585047
63.15288
70.392609
79.43245
87.073799
100.33388
37.809095
45.795381
47.494127
53.372368
58.014397
65.197442
74.694688
82.312357
94.551042
32.620763
40.567559
42.482562
48.093921
52.768678
59.842382
69.894491
77.650449
88.086368
27.506615
35.333746
37.472248
42.782665
47.44339
54.313192
65.025221
73.414922
80.566126
22.71106
30.189229
32.523232
37.519791
42.088992
48.609585
60.004659
69.696925
71.963982
17.425043
25.214301
27.646187
32.336257
36.803372
42.775455
54.873237
66.90559
62.669774
118.61606
105.58901
96.983055
89.10067
82.114541
77.773678
71.91021
70.47146
63.530308
121.81635
109.30998
100.64717
92.988191
86.210858
81.929661
76.361024
74.904179
68.568696
124.89595
112.85684
104.18691
96.706781
90.151552
85.92245
80.680476
79.181782
73.514155
127.84218
116.28045
107.60419
100.26234
93.926391
89.727333
84.815943
83.272871
78.255852
130.6994
119.5367
110.89141
103.65223
97.536679
93.36163
88.792873
87.19579
82.820434
133.46068
122.66845
114.04562
106.88484
100.97473
96.8089
92.571646
90.924187
87.149071
136.16796
125.64897
117.06398
109.96076
104.23798
100.08277
96.176116
94.475824
91.281438
138.8119
128.50924
119.9451
112.88328
107.32368
103.17484
99.575672
97.833293
95.167672
141.4148
131.23615
122.68859
115.64787
110.22978
106.10085
102.78892
101.0128
98.850733
122.30245
121.97796
123.60107
125.20913
129.0512
133.39311
140.71187
149.87923
163.79218
120.61593
120.28139
121.93784
123.71739
127.65418
132.16388
139.52786
148.57977
160.95029
118.68254
118.4478
120.11831
122.06436
126.03532
130.65833
137.94193
146.84135
158.47102
116.48717
116.46293
118.14229
120.2496
124.22368
128.94426
136.14348
144.9423
156.22428
113.99655
114.30934
116.00892
118.27694
122.26229
127.08854
134.22465
142.97362
153.92644
111.35037
111.99024
113.71444
116.15586
120.15976
125.1023
132.19701
140.8909
151.51858
108.50954
109.4979
111.25314
113.8794
117.91477
122.9748
130.03927
138.68467
149.01316
105.51298
106.83959
108.61774
111.44976
115.51789
120.69441
127.73964
136.32744
146.50704
102.28127
104.01104
105.79823
108.85564
112.95965
118.25286
125.28768
133.85202
143.97516
123.95941
125.5282
126.99991
128.36035
129.61865
130.77234
131.83775
132.81322
133.71436
123.5543
125.01931
126.38112
127.63975
128.80991
129.89094
130.89765
131.82939
132.69802
125.09411
126.44971
127.6953
128.84856
129.91187
130.89799
131.80872
132.65503
133.43855
126.54506
127.75376
128.85902
129.87691
130.8086
131.66915
132.46003
133.19459
133.87412
130.20855
131.2072
132.09639
132.89844
133.61747
134.27205
134.86345
135.40733
135.90431
134.33006
135.09785
135.74873
136.30602
136.78119
137.18878
137.53397
137.83666
138.09945
141.39357
141.85137
142.16001
142.35996
142.47039
142.51384
142.50361
142.45714
142.38322
150.19886
150.23067
150.03283
149.70906
149.27026
148.76461
148.20022
147.60949
146.99853
163.82455
163.37351
162.53048
161.51638
160.37073
159.19242
157.99465
156.80305
155.6231
134.53983
133.50338
134.16851
134.5096
136.36731
138.33824
142.29337
146.38851
154.46422
135.30277
134.25513
134.84634
135.10199
136.79664
138.55404
142.19176
145.78405
153.32519
136.00209
134.95311
135.47946
135.65986
137.20255
138.7598
142.09174
145.19913
152.2134
136.64854
135.60522
136.0691
136.18381
137.58509
138.95618
141.99529
144.63736
151.12878
137.24122
136.21155
136.62096
136.68008
137.9518
139.15312
141.91383
144.10917
150.07719
137.78897
136.77847
137.13606
137.14891
138.30238
139.35087
141.84832
143.6175
149.05366
138.29108
137.30591
137.61854
137.59444
138.64161
139.55544
141.80821
143.17165
148.06255
138.75443
137.79863
138.0692
138.0166
138.96878
139.76623
141.79386
142.77402
147.09404
139.17839
138.25642
138.49092
138.41793
139.28622
139.98517
141.81029
142.43489
146.14977
141.6642
141.13293
141.1856
141.17485
141.66429
142.12286
143.19596
142.74313
141.61591
141.46479
140.90454
140.97015
140.93811
141.44241
141.88448
142.95849
142.41373
141.23741
141.25408
140.65583
140.73584
140.68464
141.21026
141.64406
142.73313
142.14636
141.13321
141.03055
140.38632
140.48198
140.41458
140.96798
141.40259
142.52533
141.94873
141.37113
140.79273
140.09611
140.20768
140.12748
140.71481
141.1607
142.33856
141.82368
141.91238
140.53067
139.78229
139.91205
139.82303
140.45088
140.91942
142.17672
141.77617
142.64713
140.24193
139.44405
139.59372
139.50027
140.17561
140.67959
142.04125
141.80787
143.46406
139.92084
139.07767
139.25174
139.15904
139.88973
140.44311
141.93435
141.94952
144.32861
139.56739
138.68286
138.88441
138.79823
139.59294
140.21092
141.85673
142.15509
145.22614
142.0135
143.14455
143.45583
142.36691
141.88136
141.39863
141.38534
141.34129
141.82778
142.59569
143.62333
143.72958
142.60582
142.0876
141.60722
141.56938
141.53114
141.95685
143.24721
144.13344
143.9955
142.82985
142.27558
141.7968
141.73592
141.70175
142.06363
143.94207
144.64564
144.24238
143.03256
142.44346
141.96738
141.88581
141.85509
142.15899
144.67237
145.14609
144.4621
143.20892
142.5895
142.11882
142.0195
141.99126
142.23534
145.42398
145.62462
144.6492
143.35872
142.7142
142.25264
142.13831
142.11134
142.302
146.20034
146.07704
144.80239
143.48593
142.82115
142.372
142.2443
142.21446
142.35364
146.99359
146.50754
144.93597
143.6074
142.92463
142.48528
142.34149
142.30117
142.39361
147.78729
146.93711
145.10415
143.76153
143.05008
142.60608
142.43513
142.37144
142.41175
148.67155
147.42721
145.39829
144.0278
143.25851
142.7847
142.55954
142.44529
142.41619
149.66492
147.95431
145.75961
144.35281
143.52855
143.02886
142.74915
142.56654
142.46522
150.65124
148.44098
146.11403
144.67113
143.79786
143.27452
142.94954
142.70935
142.54871
151.61976
148.89237
146.45419
144.98391
144.07214
143.52548
143.16152
142.874
142.66263
152.54044
149.29413
146.75713
145.27891
144.34297
143.77757
143.38261
143.058
142.80473
153.33246
149.62531
147.01183
145.55335
144.60523
144.02761
143.61015
143.25805
142.97223
153.84506
149.84722
147.19901
145.79868
144.85409
144.27207
143.84037
143.47022
143.16272
153.87977
149.95519
147.34708
146.02028
145.0908
144.50914
144.06937
143.69015
143.37292
153.33251
149.93993
147.46775
146.21575
145.31337
144.73539
144.29284
143.91381
143.59851
145.03688
145.13315
145.32619
145.63968
146.05172
146.62927
147.29775
148.58268
148.95185
145.02499
145.12719
145.33606
145.66056
146.10639
146.71327
147.51241
148.78716
149.67504
144.95986
145.08149
145.30869
145.65103
146.11572
146.75332
147.57964
148.95272
149.92394
144.84565
144.99579
145.24607
145.60771
146.08769
146.7628
147.6416
149.11212
150.3019
144.69114
144.874
145.1502
145.53099
146.02876
146.74055
147.69206
149.27753
150.75922
144.50411
144.7214
145.02394
145.42209
145.94179
146.69424
147.71127
149.43975
151.20459
144.29235
144.54338
144.87127
145.28417
145.8224
146.61431
147.69564
149.59267
151.67815
144.06552
144.34526
144.6962
145.12181
145.67641
146.50528
147.64101
149.72165
152.16051
143.83186
144.13371
144.50237
144.93931
145.50714
146.37267
147.5626
149.82785
152.66643
151.82501
152.5279
153.24121
154.07344
155.03232
156.07737
157.20971
158.4056
159.57612
152.51366
153.16301
153.90312
154.76993
155.74854
156.80079
157.92099
159.09937
160.25023
153.20255
153.88433
154.66163
155.54754
156.52786
157.57236
158.6791
159.84134
161.01452
154.01629
154.72613
155.52339
156.40581
157.37044
158.39978
159.49145
160.65862
161.8833
154.942
155.67111
156.46526
157.33169
158.26924
159.27936
160.36041
161.54964
162.85602
155.93372
156.66514
157.45037
158.29767
159.21563
160.21566
161.3029
162.54284
163.92489
156.98724
157.69978
158.46247
159.29208
160.19397
161.20016
162.3037
163.61325
165.14743
158.05288
158.74239
159.48608
160.30804
161.21508
162.2501
163.41252
164.74125
166.24812
159.02768
159.69092
160.44246
161.29884
162.26226
163.34831
164.59223
165.92616
167.79255
170.66184
167.95149
166.80359
165.15003
163.89336
162.70503
161.68402
160.78581
160.05079
161.41353
162.45281
162.41982
162.40753
162.11056
161.65892
161.13206
160.52266
159.86532
157.92153
158.45193
158.58109
158.81727
158.85333
158.8195
158.71361
158.50886
158.17566
155.59287
155.91248
155.88289
156.06782
156.08185
156.1253
156.10055
156.07725
155.9315
153.84665
154.03372
154.0112
154.1
154.07309
154.08408
154.05226
154.04957
153.98605
152.25572
152.38328
152.32569
152.41888
152.35143
152.38553
152.31605
152.30817
152.23963
150.83577
150.87864
150.83815
150.86657
150.81649
150.80821
150.76196
150.73113
150.6807
149.4624
149.45729
149.38417
149.40553
149.31985
149.32314
149.24596
149.22323
149.1505
148.14779
148.08044
148.01086
147.95831
147.88325
147.82577
147.76685
147.71765
147.65459
146.24956
144.86276
143.34521
141.59705
139.61127
137.03199
133.96024
130.25633
127.43396
146.33263
144.93687
143.39988
141.6236
139.54995
136.95559
133.74897
130.14066
126.65476
146.34987
144.95467
143.37576
141.57965
139.41978
136.79378
133.48116
129.76996
125.72568
146.43356
144.99791
143.44077
141.57315
139.41886
136.65713
133.27327
129.22792
124.72615
146.45536
145.05127
143.43894
141.60583
139.36647
136.59584
133.05323
128.74476
123.76674
146.55766
145.11595
143.51405
141.64344
139.39535
136.55226
132.94318
128.23977
122.89924
146.59304
145.19058
143.56518
141.73758
139.43407
136.63921
132.89189
128.04763
122.03717
146.67978
145.24477
143.63212
141.76911
139.50227
136.62199
132.90659
127.8057
123.39349
146.7958
145.38267
143.77266
141.96515
139.68975
136.94774
133.09045
128.11542
120.75896
127.98027
130.624
133.8129
136.06543
137.57451
138.97549
140.33517
141.67391
142.95383
126.81202
129.76214
133.43364
135.81383
137.39122
138.86932
140.31193
141.68999
142.99573
125.42211
128.99485
133.13098
135.56515
137.17202
138.69934
140.19358
141.61158
142.94016
123.56726
128.15956
132.88195
135.38462
137.09981
138.69896
140.24886
141.67784
143.01378
121.23373
127.0961
132.38207
134.92217
136.73386
138.44413
140.07341
141.555
142.92
118.46761
126.96341
132.57821
134.9924
136.85239
138.57822
140.20359
141.66638
143.021
112.88393
125.24595
131.93416
134.36525
136.42734
138.31165
140.026
141.53125
142.91506
108.81767
125.72506
132.41733
134.58592
136.6009
138.46637
140.15244
141.63456
143.00087
98.114616
124.19766
132.00529
134.22258
136.38025
138.34247
140.07133
141.56319
142.94666
144.19691
145.4104
146.64988
147.91353
149.2318
150.59388
152.02738
153.53485
155.1516
144.23425
145.45849
146.69308
147.96902
149.28605
150.66518
152.10578
153.63486
155.25677
144.19779
145.43926
146.69083
147.98306
149.31299
150.7075
152.15625
153.70347
155.34035
144.26126
145.5096
146.75768
148.05666
149.38571
150.78807
152.24126
153.80235
155.44905
144.18832
145.45613
146.72318
148.0361
149.37895
150.79571
152.26586
153.84604
155.5096
144.27464
145.53523
146.79318
148.10367
149.44331
150.86181
152.33096
153.91553
155.58308
144.19172
145.47244
146.75022
148.07548
149.42699
150.85594
152.33616
153.93331
155.61228
144.26749
145.53762
146.80893
148.12769
149.47705
150.90352
152.38365
153.98054
155.66119
144.22247
145.50315
146.77953
148.10679
149.45787
150.89066
152.37174
153.97475
155.6573
156.88363
158.75817
160.77582
162.94219
165.24676
167.70797
170.26018
172.9366
174.84375
157.01368
158.89979
160.95593
163.16508
165.55699
168.12054
170.83188
173.6419
175.7049
157.12412
159.03414
161.13098
163.38556
165.86385
168.53246
171.39228
174.2985
176.56654
157.2525
159.17841
161.31086
163.59815
166.14834
168.88364
171.86997
174.88755
177.41991
157.33344
159.27907
161.44113
163.76064
166.36827
169.16646
172.28555
175.43205
178.26702
157.41753
159.37412
161.55872
163.90016
166.55645
169.40237
172.65863
175.92566
179.10133
157.46241
159.42932
161.63477
163.99232
166.69071
169.56871
172.95214
176.34365
179.92914
157.51454
159.48426
161.70104
164.0662
166.79601
169.69105
173.19324
176.66336
180.90202
157.51652
159.49263
161.71454
164.09176
166.82815
169.75139
173.30688
176.8668
181.04127
175.82141
168.56062
165.61077
162.45352
159.20272
156.06221
153.03533
150.09522
147.20715
176.99561
169.37951
166.34278
163.04666
159.72154
156.50069
153.45944
150.46996
147.5694
178.09056
170.12245
167.01757
163.64571
160.24691
156.97224
153.90175
150.89093
147.97573
179.20773
170.80433
167.61422
164.12309
160.71537
157.36406
154.29849
151.23004
148.32706
180.38144
171.65578
168.33166
164.74557
161.27162
157.91026
154.79306
151.73303
148.79422
181.54698
172.22775
168.81618
165.13173
161.65404
158.2042
155.0899
151.96615
149.03741
182.97603
173.30405
169.57624
165.8363
162.30759
158.82985
155.68264
152.54806
149.61033
183.7209
173.58382
169.80229
166.00713
162.48028
158.95584
155.80575
152.64458
149.7056
186.19249
175.22876
170.78898
166.87369
163.30129
159.72339
156.53192
153.33931
150.38743
144.30982
141.40183
138.45878
135.4901
132.46876
129.4008
126.25448
123.03292
119.71599
144.63567
141.73345
138.76534
135.80715
132.76511
129.70701
126.54371
123.32814
119.99609
145.0448
142.1397
139.1825
136.22247
133.19475
130.13887
126.99617
123.79311
120.48511
145.35148
142.46468
139.48038
136.53631
133.49342
130.44851
127.3006
124.1041
120.80158
145.83191
142.92548
139.95061
137.00418
133.96141
130.93099
127.77391
124.61231
121.2847
146.0379
143.1463
140.15565
137.21728
134.1746
131.14151
128.0015
124.82394
121.54139
146.60283
143.71788
140.71615
137.79683
134.73824
131.73852
128.57319
125.45369
122.109
146.68738
143.80054
140.80214
137.87606
134.83057
131.81587
128.67653
125.52868
122.24912
147.35243
144.47033
141.46168
138.55251
135.49819
132.51043
129.36152
126.25885
122.93453
115.91119
111.52884
107.0525
102.37842
97.624924
93.158257
88.893459
82.923085
74.897976
116.23915
111.95363
107.57018
103.03407
98.382244
94.101625
90.205317
85.020904
77.995096
116.77341
112.58278
108.32394
103.87086
99.428942
95.052036
91.406873
86.192625
80.584036
117.16542
113.10163
108.93665
104.60077
100.22435
95.946787
92.585496
89.030168
83.059548
117.71596
113.6966
109.71975
105.4189
101.23226
96.829481
93.82998
89.216775
91.487089
118.0226
114.18844
110.21875
106.10045
101.82909
97.57464
93.817596
93.033312
91.636439
118.69494
114.89103
111.20546
107.11531
103.12116
98.731726
95.295089
89.486368
113.84602
118.84422
115.20275
111.44638
107.572
103.4478
99.1834
94.228853
91.566861
102.71172
119.66415
116.14914
112.69275
108.95202
105.23862
101.12385
98.499467
80.344011
142.25698
55.365367
40.987048
41.988068
39.119709
37.185423
40.913084
43.521287
44.697974
44.940412
56.492491
40.191461
42.056858
39.820176
39.953904
41.827304
43.781493
44.722461
45.120783
56.724502
39.167005
42.424389
39.712697
38.932121
41.988927
43.975863
44.828728
45.272815
54.804513
37.382281
43.208262
39.686367
40.869947
42.402905
44.133735
45.016968
45.410612
49.830817
35.06996
43.732812
39.886325
40.510453
42.735367
44.318704
45.161846
45.571472
44.246787
35.388873
44.954616
39.267684
41.416498
43.16419
44.445039
45.330931
45.698862
46.475066
47.652753
42.791192
40.042472
41.64149
43.461055
44.623561
45.48635
45.811875
46.009027
31.809182
43.394783
39.281667
41.962871
43.703822
44.712059
45.614673
45.889214
-31.691383
55.235101
40.647387
40.044569
42.860942
43.99915
44.921099
45.734152
45.930856
44.861686
44.246918
43.252635
41.519165
39.112702
35.713505
33.29838
25.322552
28.390377
45.136327
44.507604
43.482905
41.68378
39.029972
35.406717
32.715492
25.236148
29.411369
45.238516
44.564171
43.457927
41.398319
38.554982
34.62457
31.299282
25.569313
29.558813
45.388389
44.694027
43.473128
41.29246
38.196485
34.075756
30.389912
25.404078
31.111139
45.542164
44.818815
43.507624
41.193113
37.835532
33.668431
29.827903
26.670109
32.791724
45.664423
44.939603
43.514797
41.080129
37.524851
33.351888
29.605478
28.395336
34.489404
45.762275
45.001379
43.470412
40.886473
37.177868
32.924185
29.937448
30.111824
36.802821
45.817526
45.051575
43.441893
40.776769
36.968979
32.976822
30.042915
31.498096
37.790289
45.833696
44.987463
43.234766
40.31318
36.306462
32.408246
30.423485
33.574632
40.37908
30.766821
30.278051
31.481472
34.086381
37.134898
38.595291
37.050191
35.419353
32.681185
31.118261
29.750164
30.073068
33.443934
36.911269
38.725298
37.924845
36.802575
35.229495
31.531357
30.317802
30.152174
33.138138
36.502552
38.652266
38.349297
37.845242
37.799847
32.356562
29.869655
29.246328
32.324037
36.366984
38.310622
38.317379
38.954115
39.042795
34.067603
30.359935
30.590113
32.265029
36.272513
38.215324
38.065224
38.861232
39.163581
36.299653
30.234727
29.748436
31.28347
35.348444
38.582445
37.589954
37.429648
40.200967
38.877698
31.50187
31.54966
31.387381
34.64555
38.81159
37.233285
37.06228
42.04397
41.109851
31.641056
30.897015
30.777222
33.475187
38.737941
40.322953
32.033948
44.494947
44.298426
34.832704
32.372957
30.945289
32.159903
36.553792
38.267537
41.046035
-4.4188784
31.165937
32.858776
35.456446
38.555938
42.141646
46.273862
50.956094
56.82038
60.465894
31.744436
34.468902
37.36089
40.575038
44.233735
48.606017
53.298106
58.614242
62.227413
32.722448
37.088157
40.165202
43.45993
47.224889
51.481904
55.86554
60.226823
63.467207
34.094414
39.651478
43.075099
46.67917
50.554309
54.620502
58.57638
62.157248
64.771954
36.620383
42.989243
46.346891
50.164473
53.988969
57.741211
61.340768
64.257763
66.139548
41.239055
45.923622
49.751219
53.569761
57.372012
60.758205
63.611424
65.897933
67.141615
46.528993
49.931185
53.488048
56.859841
60.204694
62.975606
65.294857
66.838909
67.912
51.894473
52.960753
55.742104
58.761769
61.907773
64.298202
66.325333
67.394376
68.503492
43.242519
47.12606
54.047367
59.12956
62.701868
65.269901
66.815641
68.064263
68.725077
69.295796
69.568712
69.778344
69.896172
69.950505
70.00499
70.04229
70.080098
70.141215
68.9305
69.400036
69.550551
69.767995
69.866068
69.925909
70.005924
70.024739
70.108125
68.590076
69.003241
69.323484
69.526472
69.748644
69.783434
69.982522
69.995786
70.056564
68.013868
68.487695
68.902887
69.174746
69.391407
69.511802
69.730386
69.755064
69.767082
67.1685
67.793953
68.267657
68.600611
68.852548
69.036322
69.234967
69.313742
69.298654
66.197959
66.939754
67.453503
67.85697
68.159937
68.363113
68.510045
68.648668
68.647446
65.166899
66.040037
66.53803
66.955461
67.338474
67.481156
67.6333
67.802391
67.833016
63.926381
64.900691
65.46078
65.873422
66.329923
66.42179
66.621471
66.780655
66.832086
61.902011
62.791449
63.309013
63.728542
64.158872
64.304297
64.505875
64.628146
64.676217
70.18571
70.085632
70.023138
69.773776
69.348528
68.718355
67.926656
66.902981
64.674689
70.219302
70.163662
70.03463
69.76872
69.32867
68.699954
67.943366
66.919637
64.60756
70.227977
70.096575
70.010345
69.75421
69.330874
68.723975
68.025881
66.982647
64.52688
70.210216
70.138417
69.971949
69.70675
69.277141
68.661567
67.970035
66.85239
64.283274
70.160301
70.018137
69.901495
69.64241
69.205634
68.581762
67.827542
66.594168
63.975925
70.044926
69.984715
69.820564
69.511154
69.025141
68.328201
67.596039
66.251927
63.550511
69.917918
69.761382
69.65052
69.331871
68.759082
68.034155
67.231029
65.779303
63.034142
69.660578
69.608846
69.415237
69.034574
68.429763
67.586579
66.739937
65.243034
62.399386
69.367943
69.20249
69.070982
68.676369
67.929839
66.981568
66.079674
64.473823
61.554912
59.879476
56.525218
52.855038
49.19401
45.505475
42.399761
39.964863
38.472467
37.920129
62.914831
59.672166
55.969673
52.130926
48.283993
45.098722
42.444873
40.424099
38.858316
64.750627
62.179124
59.019984
55.620087
52.098143
48.882459
45.92711
43.197117
40.102737
65.980717
64.023779
61.578119
58.65567
55.522464
52.441532
49.52438
46.763209
42.582349
67.064553
65.620696
63.693561
61.311447
58.565735
55.605571
52.624392
49.652186
46.261621
67.943051
66.843906
65.361408
63.394604
61.085405
58.39611
55.675565
52.735097
49.946592
68.53985
67.549097
66.514256
64.750729
62.892733
60.553405
58.30031
56.128489
54.297832
68.805762
67.984402
66.977402
65.479679
63.653789
61.463918
59.396822
57.694022
57.511954
68.840166
68.28709
67.223527
65.970387
63.922814
61.080592
57.247719
52.061059
50.700768
10.492211
51.002783
46.940187
43.476592
39.057225
38.220515
40.26045
43.767876
55.44979
49.228121
42.558391
50.299297
46.202007
40.160878
37.632438
38.181926
39.719226
51.826646
47.742562
45.329587
47.094726
46.997642
41.584994
38.473031
38.924167
39.088142
49.053885
46.924727
44.866743
46.571302
46.960404
42.189505
37.888385
36.868071
37.339322
45.986123
46.838052
45.650931
46.214667
46.726296
43.467548
39.062639
37.392829
37.092532
42.995641
45.312843
46.097429
46.187196
46.166264
43.709408
38.895147
35.874158
36.508976
40.335419
44.039406
45.326872
45.873245
45.964117
43.84919
40.021435
36.468343
36.757749
38.371626
42.387814
43.810492
45.350133
46.008603
43.711285
40.43314
35.87554
36.564011
37.290978
40.233301
42.035625
44.547313
45.494754
43.556058
41.648366
36.750014
36.96983
36.066627
37.27828
32.493091
41.212454
43.90418
47.584446
49.82131
51.228763
52.340063
54.206581
38.213025
32.753342
39.978281
43.209255
47.2479
49.838349
51.514748
52.778103
54.390863
38.43604
32.910507
38.626465
42.369254
46.701648
49.602499
51.543151
52.769022
54.450946
40.284644
33.374476
37.946024
41.897079
46.244401
49.445661
51.520087
52.823649
54.476218
42.228114
35.596728
37.595154
41.402647
45.844914
49.253808
51.464758
52.85323
54.57263
44.253061
37.418316
37.961008
41.154285
45.526155
49.052202
51.37333
52.873131
54.650086
46.83383
39.717443
38.390184
40.889846
45.10832
48.757197
51.219205
52.859612
54.754721
47.763376
41.040531
38.656156
40.958784
44.882377
48.571697
51.128789
52.865268
54.835732
50.720631
43.501405
39.353768
40.515339
44.220731
48.079855
50.867155
52.766351
54.875969
56.239489
57.492054
57.157083
55.906015
51.664732
53.701012
56.327156
53.967057
66.428985
56.288043
57.638451
57.390493
56.368774
54.531515
54.24728
56.459277
53.290741
67.572721
56.325569
57.704534
57.534199
56.521495
53.981722
54.062475
56.81853
52.460377
67.880006
56.410187
57.818339
57.612666
56.785014
55.465957
54.10666
57.531384
51.189701
66.268335
56.508931
57.931174
57.730482
57.084275
55.512629
54.244375
57.773138
49.819043
61.927585
56.619872
58.050067
57.767359
57.424275
56.071722
53.931432
58.989971
49.808861
56.684801
56.716347
58.150141
57.849022
57.625552
56.455395
54.560986
56.914119
61.212156
58.660343
56.810783
58.228653
57.871013
57.804335
56.748084
54.064769
57.890702
46.319039
58.012031
56.840388
58.261358
57.922474
57.916106
57.449889
54.677277
55.43155
68.727155
-12.742977
83.752625
90.654045
96.134404
99.853903
103.80744
108.00599
112.22455
116.31546
120.34375
86.626699
92.657313
97.39782
100.69445
104.507
108.60087
112.72383
116.7047
120.6587
88.999191
93.858526
98.580979
101.60301
105.4511
109.36364
113.41947
117.27938
121.15825
91.366807
96.891181
99.653292
102.42348
106.15648
110.02684
113.97204
117.75913
121.52174
98.940683
96.7093
100.76248
103.20928
107.06503
110.77662
114.69426
118.30925
122.03796
99.918653
100.69199
100.71454
103.84636
107.57095
111.39502
115.13592
118.76125
122.31955
119.85875
96.717439
101.96368
104.86859
108.7379
112.32342
116.0478
119.4167
122.94887
109.74744
99.078503
100.94905
105.25575
109.01452
112.73433
116.25401
119.70541
123.08201
146.24146
88.144568
104.68888
106.97231
110.61812
113.99112
117.39986
120.58245
123.84541
123.8765
126.95621
129.97198
132.92821
135.82834
138.69296
141.51714
144.31983
147.10029
124.1348
127.235
130.24425
133.21726
136.11056
138.99385
141.80713
144.63689
147.41152
124.59306
127.67627
130.67249
133.63211
136.52007
139.39475
142.20713
145.03001
147.80729
124.88377
127.96721
130.95437
133.92604
136.79858
139.69398
142.48664
145.34193
148.09979
125.34095
128.44938
131.40681
134.38652
137.24911
140.1416
142.94152
145.78713
148.56474
125.57389
128.64482
131.61434
134.58529
137.44434
140.34449
143.13004
146.00002
148.75704
126.10852
129.24067
132.1598
135.1544
137.98609
140.89963
143.67216
146.54696
149.30679
126.23595
129.30768
132.25271
135.22594
138.06893
140.97373
143.74933
146.6274
149.38351
126.87724
129.99433
132.89991
135.88534
138.70458
141.61958
144.38128
147.2698
150.02475
149.87819
152.65945
155.49186
158.4174
161.47576
164.66817
167.75523
170.51119
177.74242
150.22934
153.02035
155.90419
158.84642
161.98377
165.24694
168.47674
171.31482
178.89849
150.62415
153.42925
156.33591
159.30851
162.50064
165.83225
169.13994
172.04139
179.97105
150.96215
153.75638
156.71915
159.69251
162.95618
166.30131
169.72293
172.70982
181.06963
151.41798
154.24322
157.20667
160.22073
163.50771
166.90595
170.42699
173.54177
182.22455
151.65476
154.46361
157.49727
160.50748
163.8849
167.28152
170.89675
174.11187
183.37069
152.20496
155.03334
158.06912
161.12286
164.51635
167.9747
171.63369
175.16875
184.77656
152.29881
155.12195
158.19155
161.24237
164.69017
168.13968
171.85003
175.44342
185.51232
152.95637
155.79575
158.89649
161.99174
165.49182
168.98602
172.80695
177.06436
187.94417
176.73669
174.84331
172.1871
169.64758
167.19947
164.90268
162.74183
160.72496
158.84883
177.58447
175.53691
172.74961
170.05483
167.50506
165.12223
162.91884
160.86416
158.97656
178.43095
176.18294
173.30099
170.46089
167.80789
165.33965
163.0915
160.99666
159.08568
179.26924
176.76207
173.77083
170.80636
168.0879
165.54911
163.26866
161.13894
159.21221
180.10183
177.29807
174.17987
171.08499
168.3044
165.70939
163.39708
161.23838
159.29213
180.92318
177.78363
174.54731
171.31694
168.48966
165.84664
163.51292
161.33199
159.37504
181.74041
178.19569
174.83694
171.48094
168.62203
165.93749
163.58792
161.38637
159.41931
182.69713
178.51075
175.07463
171.60144
168.7259
166.01029
163.65333
161.44066
159.47085
182.83435
178.7113
175.18679
171.66093
168.75733
166.03547
163.66638
161.44875
159.47254
157.11166
155.48787
153.97141
152.5287
151.15497
149.82421
148.54739
147.29446
146.06753
157.21502
155.5864
154.04894
152.5992
151.20855
149.87898
148.58998
147.34195
146.10454
157.2976
155.65428
154.0989
152.64089
151.23529
149.89334
148.58823
147.32356
146.06901
157.40497
155.75203
154.18308
152.7205
151.30716
149.96609
148.65438
147.39314
146.13199
157.4649
155.79537
154.20765
152.72813
151.30063
149.94592
148.62053
147.34053
146.0601
157.53744
155.86407
154.27201
152.7935
151.36436
150.01287
148.68993
147.41903
146.14584
157.56615
155.88156
154.27701
152.78752
151.34806
149.98487
148.64733
147.3568
146.06373
157.61465
155.92834
154.32414
152.83471
151.39778
150.0367
148.70565
147.42154
146.13897
157.61056
155.92258
154.31221
152.82186
151.37867
150.01592
148.67645
147.38734
146.09435
144.81169
143.52031
142.17156
140.80287
139.39291
137.87806
135.63266
132.46577
129.83584
144.85345
143.53681
142.14945
140.69882
139.21261
137.63024
135.25867
131.61547
128.68292
144.79908
143.45982
142.03285
140.53082
138.99628
137.38493
134.96081
130.85985
127.31283
144.87231
143.52592
142.08824
140.53124
138.92581
137.20761
134.71633
130.03641
125.47955
144.7798
143.4047
141.9149
140.27929
138.56393
136.74981
134.22101
128.98352
123.17038
144.88011
143.51531
142.04414
140.41242
138.68179
136.82033
134.41702
128.85685
120.437
144.77536
143.38167
141.86855
140.1489
138.26162
136.19984
133.77869
127.15674
114.90655
144.86048
143.4841
141.99387
140.30217
138.43317
136.41859
134.25676
127.63297
110.89746
144.80686
143.4135
141.91357
140.17963
138.21549
136.05958
133.84872
126.12342
100.30811
129.2862
132.0611
135.7222
138.75213
141.28472
143.22614
144.93082
146.40537
147.75646
128.51615
131.95248
135.51339
138.67385
141.22024
143.24837
144.97896
146.47349
147.83389
127.59759
131.58931
135.24948
138.51406
141.09192
143.2056
144.95732
146.4958
147.85807
126.60963
131.05387
135.04392
138.37621
141.08735
143.19665
145.01851
146.53744
147.93861
125.66277
130.57669
134.82645
138.31484
141.03601
143.22896
145.01918
146.591
147.96394
124.80841
130.07793
134.71732
138.26974
141.06257
143.26322
145.0898
146.65475
148.06288
123.9604
129.88834
134.66613
138.35635
141.09997
143.35663
145.14073
146.72883
148.10089
125.29625
129.64711
134.68032
138.33656
141.16643
143.3851
145.2058
146.78002
148.18516
122.70979
129.95367
134.86012
138.6588
141.34971
143.57881
145.34367
146.91754
148.30034
149.12739
150.60256
152.11046
153.6622
155.4033
157.33569
159.5266
161.10651
160.92533
149.18816
150.67103
152.16444
153.73746
155.4785
157.50418
159.91185
161.8208
161.70042
149.24338
150.70073
152.20125
153.75673
155.49462
157.55273
160.16847
162.52973
162.65888
149.30285
150.77819
152.2492
153.82751
155.52787
157.58779
160.30892
163.14452
163.77782
149.36441
150.78263
152.2701
153.80911
155.53966
157.57087
160.38364
163.69131
165.12688
149.43753
150.86402
152.31584
153.86999
155.56307
157.55774
160.36993
164.06844
166.55357
149.49335
150.84969
152.29687
153.78925
155.48872
157.38816
160.15709
164.17479
168.56126
149.56129
150.92
152.33451
153.84219
155.5077
157.40698
160.02937
164.23593
169.86343
149.62981
150.92823
152.29505
153.71965
155.32498
157.09958
159.48673
163.20453
173.83902
19.21298
-20.050563
-77.556131
-118.23192
-82.096567
19.799757
42.935728
75.165538
84.450871
19.634778
-18.993922
-74.670606
-120.27425
-93.888956
13.094958
38.987484
72.827238
82.294341
19.977857
-18.125164
-76.307428
-124.94407
-103.18276
5.7650738
37.154624
72.266991
82.149635
20.370966
-17.281157
-75.775731
-129.30038
-110.08261
-0.4665533
38.299008
73.466915
82.270645
20.826794
-16.506805
-76.90452
-133.24409
-115.89226
-6.1210391
39.074378
72.681356
83.435879
21.214464
-15.8488
-76.005757
-137.18453
-120.58316
-11.704958
39.413974
70.274991
86.233333
21.464963
-15.288669
-73.460024
-136.01815
-119.63848
-17.116164
39.885705
67.664374
90.227637
21.844757
-14.873865
-70.717209
-135.05995
-115.76827
-22.089544
40.62113
65.266948
94.286878
22.579542
-14.662863
-68.915822
-136.31016
-113.95962
-26.417492
41.509672
63.726534
98.167808
114.12424
75.247844
47.112066
5.2498142
-56.756259
-126.81852
-111.27652
-19.109496
23.409568
112.70963
69.759956
46.581219
13.517541
-49.948595
-130.8129
-120.20746
-20.660253
23.18407
111.20991
65.96487
45.014107
19.742774
-45.879965
-136.41909
-127.81945
-22.165627
22.950859
109.69699
64.067927
44.884787
23.348883
-45.218389
-140.30493
-136.00342
-24.165316
22.620431
108.26041
63.46688
43.887494
25.295267
-44.746663
-146.92586
-143.15376
-26.233618
22.202412
106.8052
63.400487
42.568562
25.713981
-45.969398
-153.73883
-148.86109
-28.392032
21.783197
104.85372
64.112593
40.911009
24.976651
-48.178216
-159.31582
-153.73011
-30.870818
21.484838
102.27209
65.54344
39.55508
23.593642
-49.000526
-163.25288
-157.72469
-33.747941
21.356105
99.263497
67.18752
38.589654
21.760454
-49.570261
-165.41008
-160.61876
-36.455653
21.422502
95.993074
92.486467
89.030701
86.008446
83.832233
82.790175
82.710014
82.820001
84.862341
69.150822
71.235485
73.48412
75.496146
77.023133
77.13552
75.680358
75.857196
77.623806
38.048542
37.996424
38.417624
39.20279
40.339552
41.581858
42.939499
45.39747
47.696586
19.928675
18.257277
17.149106
16.550479
16.316711
16.203529
16.202399
18.695575
23.346043
-49.24794
-48.084745
-46.073495
-43.12989
-39.74392
-36.143282
-32.668633
-27.08158
-19.090502
-166.61168
-165.91867
-165.4113
-163.53892
-161.09096
-158.27769
-156.40426
-151.02957
-142.13749
-163.68694
-165.66996
-166.5976
-166.35926
-166.41405
-164.91008
-165.36346
-159.6173
-159.47308
-38.76005
-42.540975
-45.776076
-48.528329
-51.006646
-53.268849
-55.214599
-56.752937
-57.749961
22.022637
20.738645
19.931969
19.581879
19.157578
18.558654
17.845216
17.03789
16.130589
)
;

boundaryField
{
    back
    {
        type            empty;
    }
    inlet
    {
        type            zeroGradient;
    }
    front
    {
        type            empty;
    }
    top
    {
        type            zeroGradient;
    }
    outlet
    {
        type            fixedValue;
        value           uniform 100;
    }
    bottom
    {
        type            zeroGradient;
    }
    wall
    {
        type            zeroGradient;
    }
}


// ************************************************************************* //
