/*--------------------------------*- C++ -*----------------------------------*\
  =========                 |
  \\      /  F ield         | OpenFOAM: The Open Source CFD Toolbox
   \\    /   O peration     | Website:  https://openfoam.org
    \\  /    A nd           | Version:  11
     \\/     M anipulation  |
\*---------------------------------------------------------------------------*/
FoamFile
{
    format      ascii;
    class       volScalarField;
    location    "0.1";
    object      p;
}
// * * * * * * * * * * * * * * * * * * * * * * * * * * * * * * * * * * * * * //

dimensions      [0 2 -2 0 0 0 0];

internalField   nonuniform List<scalar> 
5472
(
99.268665
97.153992
95.184736
93.182424
91.079894
89.133444
87.359244
85.496852
83.629169
82.050544
80.733867
79.412556
78.032124
76.799083
75.859633
75.127064
74.532688
74.074843
73.784189
99.838734
97.909225
96.087383
94.17789
92.184269
90.360427
88.640935
86.781194
84.950984
83.455759
82.175315
80.818349
79.421207
78.218853
77.317966
76.575887
75.935976
75.404891
75.053313
100.35928
98.598148
96.928701
95.128554
93.250538
91.543569
89.875382
88.044621
86.277898
84.842149
83.570967
82.198507
80.814573
79.645618
78.739829
77.964457
77.304834
76.781112
76.484972
100.84054
99.266375
97.713913
96.000902
94.253417
92.673622
91.049396
89.249295
87.575588
86.217089
84.935131
83.537238
82.18371
81.052816
80.130146
79.336104
78.665435
78.144922
77.827635
101.25193
99.836179
98.398496
96.800381
95.205505
93.731068
92.1372
90.391795
88.821273
87.517915
86.223284
84.83434
83.533093
82.436904
81.499175
80.682299
80.004839
79.496164
79.17133
101.58838
100.32441
99.000997
97.506646
96.050703
94.681675
93.138786
91.479782
90.030117
88.774915
87.455117
86.077394
84.835799
83.775862
82.823366
81.991187
81.317515
80.830043
80.505214
101.91236
100.76068
99.53248
98.161572
96.842658
95.555627
94.056409
92.484165
91.147271
89.938304
88.617817
87.282959
86.10481
85.065334
84.097592
83.257652
82.587082
82.097404
81.75704
102.1431
101.11754
99.987414
98.737257
97.553904
96.346656
94.913617
93.461129
92.229327
91.041324
89.717155
88.42961
87.31721
86.302588
85.333525
84.497065
83.841356
83.372333
83.042075
102.34707
101.41401
100.3731
99.243157
98.172784
97.032059
95.67663
94.349914
93.213726
92.049154
90.755142
89.537247
88.480174
87.480289
86.513389
85.682584
85.038719
84.561615
84.216693
102.52209
101.6824
100.72944
99.716087
98.748306
97.661933
96.384003
95.181218
94.125386
92.981185
91.733004
90.587348
89.57968
88.59867
87.646705
86.835351
86.206232
85.738141
85.40468
102.62928
101.87479
101.00931
100.11229
99.240195
98.214681
97.032352
95.952642
94.960757
93.840077
92.649019
91.575809
90.608604
89.648978
88.723096
87.935926
87.311859
86.847146
86.516994
102.74185
102.05798
101.26845
100.46585
99.667062
98.697034
97.61306
96.644622
95.705886
94.622352
93.506552
92.506672
91.577511
90.642425
89.749513
88.99159
88.381626
87.887151
87.530385
102.80817
102.19706
101.48984
100.78192
100.04828
99.135675
98.154569
97.279405
96.378361
95.336154
94.297116
93.365991
92.474442
91.572374
90.713661
89.97976
89.413323
88.997196
88.703163
102.86305
102.30957
101.67382
101.04564
100.36584
99.513666
98.637324
97.843439
96.978119
95.988447
95.026513
94.153377
93.297923
92.443096
91.637335
90.894966
90.225854
89.693563
89.352497
102.91
102.41143
101.84598
101.28715
100.65124
99.858855
99.077524
98.343636
97.512019
96.584466
95.701122
94.874853
94.043052
93.228137
92.516588
91.948302
91.496441
91.111999
90.772342
102.93785
102.48765
101.98813
101.48919
100.89261
100.16843
99.47606
98.787734
97.984818
97.119522
96.308663
95.542429
94.758797
93.924931
93.074943
92.276696
91.61498
91.168553
90.937191
102.97064
102.56478
102.12383
101.66916
101.09997
100.4422
99.83446
99.193748
98.426312
97.608445
96.830512
96.113561
95.466425
94.907827
94.416503
93.956232
93.50358
93.040154
92.589928
102.9921
102.63187
102.24819
101.83049
101.2869
100.68189
100.13087
99.538247
98.844773
98.113999
97.343783
96.482579
95.572904
94.710896
93.94089
93.28662
92.792383
92.494112
92.349544
103.02673
102.70233
102.36084
101.97353
101.46942
100.92238
100.39124
99.80669
99.17161
98.603013
98.103417
97.628808
97.148058
96.662112
96.172685
95.669817
95.143007
94.579961
94.066248
103.0788
102.78219
102.46779
102.09612
101.63271
101.177
100.69364
100.05903
99.277686
98.449652
97.60654
96.75626
95.940129
95.216246
94.62757
94.187036
93.908673
93.723706
93.623756
103.15436
102.88641
102.58248
102.20132
101.75749
101.37233
101.03836
100.68933
100.34384
99.989479
99.597197
99.151865
98.646084
98.082449
97.468053
96.83825
96.205032
95.619289
95.137771
103.24723
103.02159
102.73654
102.34918
101.8644
101.31268
100.6597
99.914231
99.148531
98.378687
97.630774
96.931722
96.320373
95.82603
95.474347
95.216396
95.033439
94.895307
94.78605
103.32296
103.11719
102.88198
102.62771
102.44524
102.32634
102.15265
101.91042
101.60055
101.22753
100.78075
100.206
99.529311
98.792896
98.0268
97.328678
96.725708
96.228802
95.828544
103.50409
103.2311
102.78451
102.21123
101.59329
101.06775
100.48071
99.813959
99.095441
98.492393
97.967404
97.53371
97.150627
96.810246
96.516037
96.277931
96.092568
95.931779
95.774866
103.74832
103.73013
103.61872
103.4338
103.3504
103.13646
103.06149
102.84138
102.30256
101.72494
101.03277
100.24281
99.465439
98.725191
98.044461
97.453372
96.95688
96.560897
96.241052
103.6578
103.41297
102.91373
102.30583
101.81628
101.42963
100.93778
100.42124
99.908804
99.448383
99.013947
98.615146
98.234535
97.855529
97.482007
97.143004
96.85555
96.61217
96.428072
104.61373
104.58077
104.24087
103.7832
103.67102
103.55772
103.25749
102.61222
101.9103
101.22866
100.58481
99.948001
99.319944
98.716369
98.144679
97.627413
97.170465
96.805231
96.528552
73.642242
73.690094
73.933019
74.348793
74.934184
75.693593
76.577411
77.57348
78.65984
79.830084
81.065455
82.385066
83.792268
85.299366
86.886873
88.523349
90.196276
91.880982
93.549317
74.948967
75.052959
75.374019
75.833299
76.484887
77.316497
78.297039
79.420785
80.633556
81.923841
83.279396
84.723079
86.261315
87.84598
89.449167
91.071798
92.676027
94.238107
95.755758
76.3455
76.450331
76.785017
77.288812
78.024522
78.918648
80.007155
81.238492
82.539561
83.909929
85.362642
86.911994
88.519672
90.097492
91.672593
93.244409
94.769622
96.24746
97.651267
77.678247
77.815196
78.145217
78.719978
79.522712
80.499413
81.675708
82.950901
84.321976
85.760109
87.278838
88.861449
90.424668
91.955174
93.46879
94.946459
96.378964
97.750927
99.011184
79.009753
79.142546
79.484788
80.127694
80.969776
82.031475
83.247362
84.576354
86.012234
87.488988
89.02991
90.580434
92.080042
93.547571
94.956509
96.319886
97.619635
98.826201
99.928119
80.335952
80.455736
80.825689
81.502845
82.390757
83.51482
84.763672
86.155531
87.612915
89.108557
90.632203
92.114176
93.541423
94.913688
96.21075
97.459672
98.61777
99.65419
100.58379
81.587804
81.713831
82.116725
82.821243
83.760684
84.93253
86.2218
87.63512
89.08621
90.569975
92.038578
93.454316
94.8008
96.081218
97.277233
98.39452
99.399046
100.27979
101.07124
82.850985
82.963855
83.387935
84.108943
85.084185
86.281138
87.600055
89.022717
90.466666
91.919906
93.323583
94.657658
95.906842
97.088484
98.161419
99.134629
99.99721
100.74738
101.42674
84.032165
84.150736
84.601093
85.349288
86.35527
87.549721
88.866519
90.277619
91.696005
93.092854
94.426151
95.682638
96.845381
97.919426
98.862062
99.708759
100.45166
101.08178
101.64315
85.201168
85.306526
85.761474
86.527826
87.57963
88.806058
90.130125
91.504649
92.864353
94.192173
95.441605
96.591932
97.644828
98.592021
99.417039
100.15147
100.77354
101.29521
101.74848
86.326004
86.453097
86.893697
87.632121
88.625454
89.801175
91.132146
92.506429
93.853972
95.127335
96.291107
97.348911
98.303052
99.139735
99.860307
100.47854
100.98812
101.42107
101.78009
87.307102
87.437618
87.960261
88.801225
89.891662
91.116562
92.37299
93.616886
94.826877
95.9862
97.044899
97.997408
98.835956
99.557434
100.1787
100.69814
101.12493
101.49004
101.77525
88.511191
88.57185
88.925914
89.581091
90.487252
91.60911
92.908194
94.256549
95.551271
96.684551
97.674487
98.548754
99.290201
99.911522
100.43842
100.87143
101.23011
101.53499
101.75786
89.156077
89.346615
89.9461
90.881425
92.080149
93.302766
94.449199
95.476735
96.40821
97.337961
98.224041
98.99144
99.629385
100.16241
100.60982
100.9805
101.29137
101.54629
101.71671
90.481072
90.446077
90.738677
91.280037
92.015036
92.956467
94.11869
95.465105
96.74727
97.801175
98.644575
99.329471
99.905811
100.38922
100.77438
101.08218
101.34391
101.5476
101.67328
90.82983
91.098352
91.720695
92.715173
93.961558
95.223147
96.315901
97.14241
97.766686
98.398024
99.045973
99.637293
100.14083
100.5505
100.87772
101.14177
101.36505
101.53286
101.63569
92.171233
92.016996
92.258026
92.693897
93.274483
94.030044
94.980396
96.161044
97.430643
98.453248
99.250062
99.856081
100.32794
100.6836
100.977
101.2179
101.4037
101.54063
101.62662
92.328988
92.673825
93.309019
94.32285
95.559534
96.791208
97.845445
98.600239
99.006962
99.378717
99.758925
100.12931
100.48261
100.79183
101.05092
101.26764
101.43298
101.54593
101.62346
93.595898
93.347973
93.490915
93.823463
94.284247
94.895824
95.65344
96.64475
97.771782
98.715238
99.478531
100.08016
100.54666
100.89664
101.16009
101.34489
101.48367
101.57846
101.64862
93.598254
93.973078
94.654421
95.669434
96.86639
98.041968
99.040726
99.714478
100.03917
100.28166
100.47818
100.65226
100.84705
101.04736
101.22064
101.38388
101.50661
101.60488
101.68879
94.663163
94.409018
94.494481
94.760738
95.161974
95.687526
96.308035
97.107407
97.989992
98.787107
99.469406
100.02961
100.55813
101.00027
101.28665
101.46852
101.60564
101.69594
101.77942
94.724405
95.075118
95.74238
96.701374
97.825061
98.911852
99.837862
100.47594
100.87844
101.11635
101.21847
101.25251
101.2787
101.32657
101.3746
101.4585
101.57375
101.71619
101.85389
95.431284
95.211193
95.315579
95.608518
96.033771
96.548698
97.123926
97.772942
98.419549
99.016496
99.525059
99.997589
100.46934
100.94095
101.48749
101.99643
102.27606
102.34382
102.28691
95.667771
95.919455
96.515069
97.370338
98.377778
99.3739
100.25564
100.92025
101.41029
101.70684
101.88833
101.94301
101.83627
101.62029
101.40919
101.1258
100.83793
100.89382
101.3885
95.900348
95.824869
96.028749
96.472547
97.037277
97.663547
98.26481
98.852293
99.345051
99.769123
100.07561
100.33625
100.62443
100.98222
101.45046
102.22238
103.38423
104.27801
104.36801
96.26218
96.394621
96.872938
97.607901
98.494348
99.415522
100.25091
100.92257
101.45442
101.80201
102.10826
102.27363
102.31911
102.19662
101.83029
101.17528
100.36568
99.302379
99.246942
96.268598
96.335789
96.764225
97.471348
98.333639
99.169016
99.891951
100.48093
100.92586
101.26149
101.48613
101.65103
101.66598
101.67851
101.73627
101.95015
102.67892
104.27708
107.23064
95.171279
96.793384
98.433923
100.10683
101.80983
103.52914
105.24291
106.94526
108.64202
110.32198
111.96639
113.55677
115.04819
116.38836
117.54623
118.50494
119.24649
119.75041
120.00304
97.187271
98.579186
99.959191
101.35484
102.79016
104.24707
105.69865
107.14297
108.57378
109.97663
111.34172
112.64802
113.85595
114.93954
115.88506
116.67903
117.30658
117.74436
117.96877
98.954964
100.19621
101.3943
102.60074
103.8387
105.06993
106.28063
107.47023
108.62679
109.74893
110.83309
111.85801
112.80025
113.64715
114.38114
114.98725
115.4577
115.78121
115.94575
100.18594
101.28934
102.33628
103.3894
104.45236
105.50478
106.54238
107.54515
108.50567
109.43368
110.32061
111.14419
111.89052
112.54712
113.09785
113.53525
113.85862
114.07005
114.17387
100.93815
101.85738
102.73252
103.60727
104.47768
105.3641
106.24527
107.08324
107.88338
108.65759
109.39077
110.06726
110.68241
111.22627
111.6884
112.06257
112.34327
112.52939
112.62237
101.40789
102.16911
102.89697
103.59653
104.29904
105.04174
105.76794
106.44499
107.09775
107.72994
108.32219
108.87095
109.37798
109.83526
110.23517
110.57037
110.83178
111.01141
111.10285
101.76911
102.41216
103.00881
103.58064
104.18307
104.81539
105.40987
105.97187
106.52814
107.05798
107.54416
107.99242
108.40131
108.76258
109.07177
109.3253
109.51954
109.65115
109.71749
102.01828
102.54897
103.04668
103.54017
104.06421
104.58641
105.07275
105.55792
106.03863
106.48138
106.8833
107.25323
107.58452
107.87112
108.11138
108.30404
108.44843
108.54441
108.59207
102.12856
102.55828
102.96919
103.38666
103.82249
104.23942
104.63753
105.04923
105.44873
105.80874
106.14082
106.45037
106.72893
106.97291
107.18027
107.34867
107.47637
107.5622
107.60529
102.12762
102.46889
102.80894
103.16407
103.52624
103.86177
104.1884
104.53366
104.86574
105.15861
105.43446
105.69374
105.92834
106.1358
106.31387
106.45986
106.57167
106.6471
106.68507
102.06849
102.34817
102.63942
102.94603
103.24882
103.52528
103.80287
104.10027
104.37806
104.6187
104.85009
105.06679
105.26075
105.4307
105.5756
105.69357
105.7832
105.84354
105.87356
102.00511
102.23839
102.48569
102.74539
102.99604
103.22619
103.46671
103.7227
103.94629
104.1447
104.34093
104.52221
104.68218
104.82191
104.94073
105.03728
105.11035
105.15973
105.18459
101.93532
102.12598
102.33658
102.55613
102.76359
102.95272
103.16215
103.37644
103.5504
103.71701
103.88358
104.0336
104.16606
104.28291
104.38252
104.46357
104.52515
104.56631
104.58717
101.84758
102.01047
102.19396
102.38015
102.55105
102.70835
102.89047
103.06349
103.2027
103.34567
103.48452
103.60702
103.71662
103.81374
103.89637
103.96339
104.01442
104.04839
104.06533
101.77663
101.92003
102.07052
102.22369
102.36644
102.49953
102.65494
102.79069
102.90615
103.02824
103.14141
103.24135
103.33191
103.41187
103.47977
103.5349
103.57687
103.6053
103.61943
101.73251
101.8534
101.97343
102.09747
102.2115
102.32703
102.45706
102.56073
102.65714
102.75852
102.84909
102.93049
103.00478
103.07016
103.12567
103.17096
103.20524
103.22853
103.24003
101.70578
101.79902
101.89916
101.99884
102.08528
102.18586
102.29145
102.36867
102.44933
102.53061
102.60183
102.66726
102.72697
102.77933
102.82379
102.86002
102.88741
102.9058
102.91488
101.69366
101.76701
101.8475
101.92275
101.9893
102.07411
102.1538
102.21136
102.27711
102.33919
102.39383
102.44489
102.49124
102.53184
102.56643
102.59457
102.61604
102.63038
102.63756
101.70967
101.76899
101.82577
101.87725
101.92737
101.99267
102.04372
102.08552
102.13545
102.1798
102.21951
102.2571
102.2912
102.3212
102.34688
102.36779
102.38377
102.39442
102.39976
101.74174
101.7691
101.80015
101.83673
101.87972
101.92715
101.9558
101.9848
102.01938
102.04731
102.07253
102.09669
102.11873
102.13832
102.15522
102.16904
102.17955
102.18656
102.19004
101.84928
101.85441
101.85418
101.85747
101.87586
101.8953
101.89853
101.90945
101.92437
101.93352
101.943
101.95388
101.96449
101.97412
101.98238
101.9891
101.99414
101.99743
101.99895
101.90289
101.89569
101.87071
101.85093
101.85928
101.86168
101.84758
101.84103
101.8359
101.82677
101.82087
101.81815
101.81669
101.81564
101.81488
101.8144
101.81403
101.81373
101.81341
102.24494
102.12776
102.02978
101.96725
101.92532
101.86905
101.81607
101.78204
101.75332
101.72613
101.70501
101.68653
101.66942
101.65488
101.64337
101.63437
101.62775
101.62338
101.62101
101.76155
101.83664
101.84242
101.8292
101.81988
101.77821
101.73033
101.69072
101.64404
101.59663
101.55702
101.52309
101.49329
101.4675
101.4455
101.42827
101.41559
101.40714
101.40279
103.8915
103.25767
102.76506
102.41743
102.15534
101.92935
101.75856
101.63281
101.52942
101.44725
101.3845
101.33275
101.28432
101.24034
101.20523
101.17855
101.15885
101.14582
101.13926
98.927486
99.497612
100.00863
100.39733
100.67502
100.8295
100.93388
101.00029
101.02896
101.03386
101.02208
100.99844
100.96675
100.93147
100.89646
100.86517
100.84059
100.82393
100.8156
110.76827
107.90525
106.02121
105.09245
104.24108
103.46506
102.81946
102.28561
101.84243
101.48244
101.19083
100.9581
100.78224
100.65347
100.55987
100.49325
100.44783
100.41967
100.40637
120.00281
119.74973
119.24534
118.50336
117.54417
116.38583
115.04504
113.55242
111.96056
110.31492
108.63342
106.93483
105.23172
103.517
101.79587
100.09398
98.42487
96.78147
95.155848
117.96864
117.74397
117.30597
116.6783
115.88426
114.93858
113.85463
112.64577
111.33772
109.97102
108.56739
107.13558
105.68987
104.2379
102.78025
101.34214
99.946795
98.568217
97.165871
115.94547
115.78048
115.45666
114.98601
114.37966
113.64534
112.79792
111.85503
110.82911
109.74379
108.62137
107.46556
106.27584
105.06365
103.83231
102.59406
101.38226
100.18388
98.946815
114.17366
114.06941
113.85757
113.5338
113.09602
112.5449
111.88779
111.14099
110.31707
109.42998
108.50205
107.54232
106.54089
105.50321
104.44884
103.38577
102.33143
101.27964
100.18029
112.62217
112.52861
112.34193
112.06071
111.68614
111.22361
110.6794
110.06394
109.38731
108.65437
107.88047
107.08009
106.24217
105.36238
104.47546
103.6008
102.7265
101.8552
100.93639
111.10254
111.01047
110.8301
110.56796
110.23204
109.83151
109.37376
108.86637
108.31733
107.72495
107.09289
106.43948
105.76029
105.0338
104.29277
103.58621
102.88207
102.16151
101.40463
109.71716
109.65019
109.51795
109.32299
109.06872
108.75873
108.39666
107.98708
107.53817
107.0512
106.52077
105.96437
105.40052
104.80328
104.17209
103.56953
102.99115
102.3963
101.75752
108.59175
108.54341
108.44673
108.30166
108.10826
107.86719
107.57975
107.24762
106.87696
106.47424
106.0302
105.5493
105.06424
104.57548
104.05123
103.52757
103.03116
102.53241
102.00446
107.60501
107.56137
107.47487
107.34647
107.1773
106.96924
106.72458
106.44525
106.13496
105.80236
105.44093
105.03963
104.628
104.23059
103.81157
103.3718
102.95088
102.53486
102.10185
106.68478
106.64631
106.57038
106.45801
106.31145
106.13283
105.92478
105.68954
105.42952
105.15312
104.8596
104.52588
104.17934
103.85394
103.52097
103.15586
102.79523
102.4495
102.09503
105.87332
105.84278
105.78195
105.69193
105.57359
105.42829
105.25781
105.06336
104.84607
104.61409
104.37313
104.09456
103.79608
103.51859
103.24702
102.94649
102.63477
102.33956
102.04793
105.18448
105.15921
105.10951
105.0361
104.93919
104.81997
104.67984
104.5195
104.33785
104.1412
103.94252
103.71868
103.46202
103.22048
102.9943
102.74846
102.48428
102.23065
101.988
104.58708
104.56598
104.52461
104.46277
104.38142
104.28148
104.16436
104.0316
103.88135
103.71455
103.54769
103.37376
103.15948
102.94869
102.76133
102.55909
102.3379
102.12171
101.92106
104.06522
104.04814
104.01386
103.96261
103.89531
103.81246
103.71513
103.6053
103.48265
103.34369
103.20059
103.06126
102.88861
102.70592
102.54903
102.38132
102.19554
102.01105
101.84249
103.61929
103.60495
103.57623
103.53403
103.47865
103.41056
103.3304
103.23967
103.1396
103.02637
102.9043
102.78869
102.65298
102.49754
102.36436
102.22492
102.07245
101.92024
101.77769
103.2399
103.22808
103.20458
103.17
103.12453
103.0688
103.00323
102.92877
102.84722
102.75656
102.65516
102.55862
102.45459
102.32482
102.20893
102.09747
101.97454
101.85047
101.72989
102.91476
102.90536
102.88674
102.85904
102.8226
102.77791
102.72534
102.66546
102.59987
102.52853
102.44719
102.36642
102.28861
102.18353
102.08293
101.99701
101.89972
101.79908
101.70282
102.63741
102.62992
102.6153
102.59352
102.5651
102.53026
102.48942
102.44286
102.39162
102.33684
102.2747
102.20887
102.1509
102.07112
101.98651
101.91895
101.84451
101.76424
101.69011
102.39956
102.39386
102.38284
102.36651
102.34525
102.31927
102.28897
102.25461
102.21679
102.17693
102.13257
102.08268
102.04071
101.98875
101.92384
101.8738
101.82284
101.76511
101.70552
102.18979
102.18583
102.17834
102.16736
102.15307
102.13571
102.11564
102.09315
102.06853
102.04292
102.01494
101.98051
101.95141
101.92229
101.87515
101.83205
101.79477
101.76555
101.73913
101.99864
101.99648
101.99258
101.98694
101.97962
101.97077
101.9605
101.94916
101.93757
101.9275
101.91816
101.90362
101.89312
101.89013
101.87117
101.85344
101.85071
101.85379
101.84891
101.81306
101.81266
101.81223
101.81187
101.81164
101.81176
101.81226
101.81314
101.81524
101.82079
101.82988
101.83496
101.84175
101.85646
101.85481
101.84809
101.86873
101.89387
101.9038
101.62063
101.62224
101.62584
101.63173
101.64002
101.65088
101.66495
101.68174
101.70004
101.72126
101.74835
101.77662
101.81033
101.86298
101.9193
101.96211
102.02518
102.12271
102.23921
101.40245
101.40614
101.41394
101.42602
101.44268
101.46416
101.48955
101.51927
101.55328
101.5929
101.64032
101.68704
101.72687
101.77481
101.81651
101.82597
101.83986
101.83627
101.76594
101.13905
101.14516
101.15776
101.17705
101.20337
101.2383
101.28211
101.33055
101.38281
101.44639
101.52969
101.63451
101.76193
101.93445
102.16184
102.42507
102.77242
103.26146
103.894
100.81565
100.82407
100.84089
100.8657
100.89729
100.93266
100.96856
101.00098
101.02503
101.03715
101.03261
101.00382
100.93681
100.83171
100.67569
100.39503
100.005
99.494995
98.923704
100.4067
100.4207
100.44963
100.49594
100.56359
100.65826
100.78815
100.96489
101.19819
101.49001
101.8499
102.29276
102.8257
103.46969
104.24431
105.09453
106.02319
107.90536
110.754
93.547952
91.893414
90.194214
88.501565
86.875022
85.308134
83.798214
82.374024
81.04837
79.82197
78.650595
77.544832
76.539665
75.658108
74.895474
74.297698
73.884669
73.663492
73.621938
95.729037
94.229379
92.67664
91.063926
89.436522
87.847093
86.275032
84.71838
83.258943
81.9167
80.635777
79.40015
78.255552
77.277824
76.448724
75.77438
75.304321
75.016098
74.940016
97.632696
96.224681
94.75905
93.234266
91.660884
90.097793
88.539814
86.92049
85.337158
83.889494
82.550738
81.242481
79.967506
78.862031
77.982798
77.241254
76.713438
76.394334
76.327425
99.009714
97.743929
96.373258
94.936245
93.447226
91.939816
90.43793
88.887886
87.273822
85.72903
84.310112
82.966564
81.67003
80.443787
79.453854
78.666556
78.0857
77.75131
77.646934
99.929563
98.833961
97.630505
96.328443
94.949481
93.523022
92.068801
90.59888
89.046727
87.478088
85.988691
84.571046
83.252517
82.006814
80.902872
80.055166
79.423813
79.08127
78.9657
100.57817
99.656953
98.630114
97.477238
96.227401
94.909418
93.525733
92.11302
90.645289
89.115413
87.60275
86.138799
84.756248
83.502537
82.342126
81.430707
80.758614
80.392553
80.284693
101.05971
100.27268
99.397479
98.401925
97.294937
96.09223
94.798039
93.450472
92.045555
90.578806
89.085244
87.624228
86.206424
84.919936
83.725215
82.752851
82.045268
81.653895
81.532578
101.41671
100.7444
99.99
99.128873
98.168826
97.098065
95.912772
94.65517
93.324084
91.931323
90.473293
89.016571
87.584137
86.267283
85.055575
84.048963
83.314639
82.900715
82.798268
101.63183
101.08521
100.44856
99.704349
98.86436
97.918685
96.848924
95.68369
94.425896
93.098869
91.704317
90.279737
88.854123
87.529529
86.329463
85.299166
84.529621
84.087798
83.983212
101.72537
101.29319
100.77191
100.14827
99.423103
98.594557
97.64543
96.58836
95.436377
94.196908
92.873292
91.508173
90.123523
88.790865
87.555366
86.48464
85.69623
85.244022
85.155665
101.75753
101.41749
100.99005
100.47364
99.859789
99.14247
98.305459
97.350191
96.286692
95.126593
93.859534
92.513661
91.132416
89.787528
88.597453
87.590932
86.834673
86.390692
86.283255
101.75738
101.48649
101.13042
100.69848
100.17822
99.559557
98.836771
98.000309
97.04301
95.981538
94.826476
93.618359
92.36945
91.108246
89.8741
88.767551
87.906797
87.380275
87.269187
101.74238
101.52803
101.2318
100.87274
100.43805
99.913887
99.291368
98.548318
97.671178
96.679831
95.551245
94.266422
92.916996
91.601705
90.462041
89.542197
88.875522
88.518276
88.469244
101.70474
101.53777
101.28939
100.98061
100.60934
100.16451
99.631381
98.992453
98.223075
97.335655
96.403445
95.468104
94.442647
93.296931
92.071238
90.85878
89.906809
89.294711
89.120027
101.66904
101.54078
101.3402
101.08048
100.77263
100.38927
99.906719
99.330763
98.643963
97.798557
96.747542
95.475245
94.125172
92.950191
91.988848
91.240787
90.693158
90.401353
90.439672
101.63484
101.53041
101.3618
101.14032
100.87563
100.54922
100.14063
99.637388
99.044969
98.395734
97.759211
97.12871
96.317554
95.23027
93.964961
92.704081
91.69297
91.0589
90.799118
101.62504
101.53778
101.40156
101.21741
100.97579
100.68253
100.32788
99.857487
99.250811
98.453736
97.435317
96.175896
94.985669
94.018967
93.248764
92.654986
92.213366
91.976524
92.13914
101.62079
101.54426
101.43067
101.26672
101.04974
100.79014
100.48156
100.12953
99.757879
99.374843
98.999283
98.589705
97.852742
96.80941
95.573228
94.321271
93.292372
92.649652
92.300043
101.64388
101.57619
101.48121
101.34415
101.15925
100.89576
100.54677
100.08181
99.481807
98.718412
97.772858
96.642045
95.644035
94.882962
94.264045
93.793773
93.455354
93.318066
93.578425
101.68326
101.60243
101.50409
101.38248
101.21936
101.04555
100.84481
100.64995
100.47596
100.28182
100.04469
99.727794
99.059801
98.061551
96.882762
95.671354
94.645558
93.956461
93.576962
101.77984
101.69554
101.60461
101.46814
101.28721
101.00104
100.55907
100.02987
99.467465
98.780744
97.976785
97.090367
96.293431
95.676388
95.150528
94.743965
94.470032
94.382123
94.641657
101.85625
101.71406
101.57161
101.45491
101.3723
101.32489
101.27763
101.25463
101.2267
101.12876
100.89418
100.49693
99.859497
98.930172
97.838875
96.706007
95.741784
95.066652
94.679641
102.27933
102.34201
102.27481
101.99633
101.48831
100.9407
100.46577
99.992037
99.517204
99.004083
98.401739
97.753623
97.109389
96.540747
96.030114
95.601885
95.300257
95.199864
95.448827
101.39076
100.88805
100.83116
101.11995
101.40537
101.61814
101.83941
101.95049
101.89737
101.72016
101.42658
100.93525
100.27284
99.389963
98.389814
97.376473
96.510109
95.91378
95.664919
104.37088
104.28527
103.38995
102.2229
101.44748
100.97833
100.61935
100.32967
100.068
99.7602
99.332928
98.839616
98.25261
97.657087
97.038054
96.474738
96.019993
95.816468
95.913265
99.238935
99.296696
100.36265
101.1718
101.82801
102.19656
102.32034
102.27791
102.11528
101.81081
101.46471
100.9321
100.25862
99.422563
98.501665
97.613669
96.867109
96.386714
96.272386
107.23373
104.27476
102.67519
101.94888
101.73582
101.67704
101.66373
101.64766
101.48169
101.25887
100.92371
100.47944
99.890862
99.169441
98.336696
97.477358
96.760684
96.322554
96.275969
73.757079
74.065646
74.52653
75.103406
75.876336
76.844784
78.045897
79.436333
80.7847
82.090571
83.688175
85.553272
87.390449
89.173563
91.10695
93.198391
95.190674
97.138249
99.250914
75.028367
75.38319
75.935139
76.554095
77.325534
78.276068
79.442639
80.836556
82.236636
83.505977
85.011387
86.846391
88.67908
90.397966
92.213366
94.196647
96.091311
97.895585
99.823317
76.46216
76.756562
77.303204
77.951323
78.738699
79.701371
80.852035
82.215013
83.627918
84.910141
86.349474
88.109687
89.919058
91.586521
93.277505
95.147552
96.94023
98.589538
100.34999
77.815244
78.121681
78.65614
79.330858
80.130164
81.095373
82.223861
83.564905
84.997433
86.293426
87.647864
89.325432
91.100877
92.711921
94.284176
96.022365
97.730968
99.26829
100.83786
79.156429
79.476651
79.995134
80.69044
81.496277
82.45863
83.580286
84.872207
86.285575
87.607406
88.901072
90.472968
92.191027
93.773197
95.238595
96.824468
98.424957
99.846767
101.25958
80.487481
80.816547
81.309914
82.005848
82.821885
83.783659
84.882586
86.122716
87.519331
88.872541
90.116211
91.565302
93.198034
94.72529
96.085645
97.536394
99.034001
100.34596
101.60503
81.734157
82.092217
82.582203
83.272082
84.104087
85.063783
86.143328
87.338427
88.683945
90.036377
91.240675
92.572373
94.119957
95.600944
96.882907
98.195571
99.570952
100.79307
101.93726
83.012621
83.368402
83.841644
84.511063
85.34419
86.294
87.347475
88.494511
89.788859
91.139581
92.328044
93.548856
94.98207
96.396313
97.599207
98.77569
100.03098
101.15695
102.17491
84.181584
84.55529
85.042662
85.695597
86.527178
87.470662
88.500476
89.607217
90.834541
92.147424
93.316776
94.438765
95.748981
97.083878
98.221855
99.285274
100.41885
101.45977
102.38742
85.369604
85.728037
86.213443
86.845861
87.660744
88.593484
89.595264
90.660665
91.821074
93.080579
94.230364
95.268833
96.458101
97.716039
98.800198
99.76151
100.77742
101.73165
102.56779
86.480531
86.831433
87.320699
87.944446
88.733513
89.649237
90.623838
91.649997
92.744757
93.940654
95.066347
96.039244
97.106147
98.270086
99.292648
100.15895
101.05601
101.92406
102.67842
87.500467
87.870879
88.389205
88.997939
89.755767
90.649567
91.597995
92.582145
93.607191
94.724583
95.811483
96.729544
97.683497
98.751544
99.717318
100.51086
101.31176
102.10375
102.79002
88.675107
88.978553
89.413127
89.984655
90.71589
91.58539
92.506
93.444334
94.400439
95.43834
96.481688
97.360893
98.217872
99.185773
100.09293
100.82206
101.52713
102.23654
102.85152
89.331715
89.674778
90.222344
90.898582
91.636226
92.462623
93.344746
94.239192
95.130759
96.085953
97.073976
97.91799
98.690508
99.557017
100.40332
101.08009
101.70559
102.34324
102.90068
90.744965
91.095615
91.490586
91.948993
92.516139
93.255962
94.109474
94.971379
95.79925
96.669447
97.593939
98.408249
99.120722
99.894917
100.68255
101.31681
101.87316
102.43971
102.94094
90.924194
91.155131
91.603108
92.272117
93.077514
93.967335
94.844871
95.638678
96.395332
97.187257
98.048572
98.840998
99.511735
100.19877
100.91979
101.51521
102.01161
102.51103
102.96246
92.555436
93.017458
93.484603
93.958084
94.448222
94.972532
95.553781
96.195271
96.899469
97.660678
98.473396
99.234752
99.865572
100.46951
101.12456
101.69212
102.14382
102.58355
102.98933
92.333658
92.48301
92.790033
93.307393
93.985887
94.770955
95.645868
96.54498
97.395258
98.154644
98.879934
99.572611
100.15974
100.70714
101.30884
101.84992
102.26468
102.64639
103.00523
94.025756
94.535767
95.133731
95.698598
96.227046
96.715778
97.201891
97.674878
98.142688
98.636921
99.201882
99.837036
100.4167
100.9442
101.48825
101.9899
102.3742
102.7131
103.03582
93.61307
93.733981
93.940861
94.230174
94.680682
95.264804
95.983887
96.794063
97.638244
98.480753
99.304308
100.08389
100.71514
101.19596
101.64859
102.10996
102.47847
102.7902
103.08516
95.129713
95.603547
96.215711
96.86581
97.499474
98.116961
98.677679
99.183733
99.624999
100.0159
100.36492
100.70922
101.05639
101.38878
101.77109
102.21243
102.59073
102.8924
103.1591
94.775081
94.905383
95.068534
95.263063
95.517979
95.866366
96.354121
96.961582
97.656202
98.401485
99.168555
99.933105
100.67772
101.32799
101.87533
102.35723
102.74258
103.02615
103.2514
95.825694
96.230006
96.737654
97.339361
98.039512
98.814142
99.551051
100.22977
100.80211
101.24624
101.61684
101.925
102.16401
102.3346
102.45174
102.63353
102.88655
103.12086
103.3256
95.769953
95.925767
96.118193
96.318867
96.557328
96.845747
97.179364
97.555885
97.984479
98.507084
99.108971
99.82675
100.49302
101.07778
101.60119
102.21712
102.7885
103.23295
103.50463
96.234159
96.564157
96.96413
97.467106
98.055153
98.744604
99.486977
100.26068
101.05075
101.7391
102.31425
102.85263
103.0725
103.14255
103.35398
103.43681
103.62054
103.73112
103.74904
96.442997
96.620837
96.869998
97.164187
97.507707
97.881535
98.268013
98.632792
99.017336
99.454516
99.917438
100.42975
100.94491
101.43586
101.82102
102.30963
102.91683
103.41532
103.65938
96.542796
96.816131
97.188311
97.641403
98.162831
98.733009
99.331961
99.966521
100.59793
101.24047
101.92012
102.62032
103.26449
103.56294
103.67474
103.78579
104.24243
104.58159
104.61388
101.33302
103.32015
105.34579
107.3886
109.34759
111.21822
113.09051
114.83881
116.48125
118.05707
119.47071
120.77377
121.93346
122.93724
123.79009
124.47558
124.9967
125.34358
125.5181
101.72567
103.55454
105.4119
107.30286
109.11811
110.87044
112.62167
114.26417
115.81819
117.3067
118.65694
119.8915
121.00202
121.9633
122.77797
123.43567
123.9335
124.26377
124.42696
102.10058
103.77388
105.47205
107.21118
108.89478
110.51898
112.13965
113.68207
115.14234
116.53969
117.8236
118.99467
120.05176
120.97192
121.75214
122.3821
122.85968
123.17586
123.32993
102.43094
103.97306
105.50694
107.08361
108.63431
110.13278
111.63083
113.07336
114.43926
115.7604
116.97142
118.08596
119.09214
119.9723
120.71913
121.32408
121.78168
122.08572
122.23231
102.69012
104.0855
105.48166
106.92424
108.35129
109.73373
111.12528
112.47399
113.75062
114.99355
116.13546
117.19136
118.14344
118.98503
119.69603
120.27495
120.71246
121.00397
121.14425
102.90691
104.19897
105.46636
106.77495
108.08887
109.35993
110.64066
111.89039
113.07981
114.23546
115.31034
116.30323
117.2058
118.00178
118.68205
119.232
119.65024
119.9294
120.06422
103.10336
104.2675
105.41258
106.60026
107.79206
108.95422
110.13443
111.28989
112.39069
113.4739
114.48311
115.41695
116.2739
117.02514
117.6728
118.19707
118.59435
118.86173
118.99129
103.2095
104.26955
105.31098
106.39012
107.48362
108.55839
109.64171
110.7114
111.73653
112.74567
113.6941
114.56749
115.37096
116.08116
116.68973
117.18898
117.56502
117.81923
117.94394
103.3264
104.29452
105.24334
106.2207
107.21853
108.19795
109.18731
110.17197
111.11731
112.04823
112.93158
113.74343
114.49297
115.15786
115.73249
116.20412
116.56207
116.80253
116.92207
103.39642
104.26478
105.12487
106.01056
106.91432
107.80828
108.70836
109.61256
110.48687
111.35031
112.16751
112.92585
113.62811
114.25179
114.79285
115.24009
115.58099
115.80909
115.9226
103.41858
104.2112
104.99699
105.79683
106.6185
107.43505
108.25956
109.08956
109.89388
110.69234
111.45081
112.157
112.81128
113.39728
113.90268
114.32342
114.64734
114.86352
114.97035
103.45411
104.16466
104.8727
105.58959
106.32852
107.06735
107.81313
108.56736
109.30954
110.04769
110.75021
111.40811
112.02127
112.57104
113.04811
113.44242
113.74958
113.95547
114.05624
103.43324
104.0659
104.70185
105.34116
106.00585
106.67888
107.35232
108.04337
108.73125
109.41343
110.06526
110.68096
111.25522
111.77548
112.22622
112.59732
112.885
113.07983
113.17462
103.4187
103.98579
104.55837
105.13108
105.73002
106.33721
106.94562
107.5767
108.20634
108.82735
109.42808
110.00513
110.53918
111.02485
111.44867
111.79671
112.06387
112.24551
112.33403
103.3949
103.89634
104.41169
104.92511
105.46115
106.00799
106.55774
107.1312
107.7027
108.27129
108.83151
109.36691
109.86558
110.31843
110.71541
111.04566
111.29728
111.46779
111.55155
103.36408
103.80762
104.27399
104.73876
105.21856
105.71046
106.20974
106.73011
107.25329
107.78123
108.29955
108.79805
109.26916
109.6978
110.07192
110.38457
110.62475
110.78648
110.86664
103.3472
103.74088
104.15821
104.57858
105.00695
105.44916
105.90164
106.37407
106.8548
107.34124
107.81724
108.28302
108.72842
109.13333
109.4858
109.77705
110.00248
110.15447
110.22931
103.3268
103.68166
104.05249
104.43069
104.81195
105.20717
105.61545
106.04219
106.47609
106.91503
107.34893
107.77084
108.16748
108.53242
108.85592
109.12319
109.32843
109.46608
109.53268
103.32735
103.65247
103.9822
104.31233
104.64542
104.99376
105.35517
105.73144
106.1155
106.50372
106.89092
107.26387
107.61864
107.94804
108.24313
108.49189
108.68317
108.81159
108.87489
103.3371
103.63364
103.919
104.19904
104.48916
104.80073
105.12591
105.46717
105.82087
106.18082
106.54518
106.90235
107.24478
107.55941
107.83746
108.0713
108.25352
108.37823
108.44204
103.36499
103.62812
103.87695
104.13631
104.41287
104.71171
105.02524
105.35827
105.70529
106.05819
106.40749
106.7428
107.05516
107.33795
107.58675
107.79564
107.95981
108.07368
108.13302
103.413
103.64572
103.89511
104.16455
104.43563
104.70594
104.98916
105.28648
105.59484
105.90824
106.21491
106.50637
106.77527
107.01835
107.23118
107.41131
107.55371
107.65359
107.7065
103.51122
103.72112
103.93264
104.13195
104.32686
104.54324
104.78117
105.03493
105.30219
105.57368
105.84314
106.1036
106.34726
106.57109
106.77017
106.93951
107.07458
107.16994
107.22059
103.63949
103.73693
103.83851
103.96969
104.14002
104.34865
104.57673
104.81891
105.07105
105.32428
105.57611
105.82357
106.06274
106.28531
106.48463
106.65444
106.78841
106.88144
106.93013
103.7229
103.7503
103.84769
104.01973
104.21431
104.40014
104.60052
104.81697
105.04325
105.27567
105.51025
105.74342
105.96894
106.17956
106.36951
106.53171
106.65947
106.74816
106.79462
103.84038
103.94586
104.05767
104.16702
104.28594
104.42935
104.59951
104.79042
104.99659
105.21516
105.4411
105.66609
105.8832
106.0861
106.26785
106.42223
106.54415
106.62941
106.67418
104.52094
104.33884
104.25
104.21965
104.25999
104.36141
104.49806
104.6653
104.85842
105.07261
105.29719
105.52426
105.74689
105.95699
106.14695
106.30883
106.43605
106.52382
106.56921
106.57071
106.52787
106.44251
106.31743
106.15713
105.96813
105.75852
105.53636
105.30883
105.08234
104.86588
104.67077
104.50187
104.36383
104.26127
104.22022
104.25016
104.33881
104.52081
106.67618
106.63507
106.55246
106.43231
106.27907
106.09771
105.89448
105.6763
105.45034
105.22378
105.00415
104.79671
104.60456
104.43278
104.2878
104.16792
104.05804
103.94553
103.83937
106.79702
106.75533
106.6704
106.54519
106.38439
106.19434
105.98256
105.75584
105.52135
105.28542
105.05159
104.82357
104.60526
104.40338
104.21627
104.02071
103.84846
103.75066
103.72257
106.93294
106.88942
106.80095
106.67004
106.50117
106.30161
106.07776
105.83646
105.58627
105.3317
105.07618
104.82191
104.5782
104.34993
104.14188
103.97103
103.83892
103.73738
103.63958
107.22383
107.17856
107.08767
106.95528
106.78648
106.58615
106.35983
106.11274
105.84876
105.57653
105.30269
105.03344
104.77945
104.54217
104.32633
104.13192
103.93308
103.72099
103.50933
107.70963
107.66238
107.56706
107.42734
107.24719
107.031
106.78217
106.50629
106.20858
105.89826
105.58431
105.27776
104.98367
104.7035
104.43564
104.16673
103.89679
103.64477
103.4096
108.13582
108.08197
107.97289
107.81157
107.60243
107.34941
107.05957
106.74006
106.40063
106.05076
105.70036
105.35706
105.0273
104.71639
104.419
104.14216
103.88006
103.62727
103.36157
108.44293
108.38088
108.25758
108.07669
107.84298
107.56311
107.24618
106.90342
106.54877
106.18741
105.82981
105.47762
105.13748
104.81346
104.5015
104.20805
103.92208
103.63137
103.33224
108.87247
108.80518
108.67477
108.48431
108.23915
107.94854
107.62078
107.26635
106.8957
106.51202
106.12696
105.74578
105.37273
105.01182
104.6601
104.32066
103.98232
103.64657
103.31911
109.52784
109.45206
109.30693
109.0963
108.82714
108.50652
108.14689
107.75616
107.34272
106.9174
106.48538
106.05824
105.63643
105.22687
104.82526
104.43573
104.04824
103.6714
103.31417
110.22472
110.14027
109.97757
109.74111
109.44144
109.08793
108.69198
108.26094
107.80816
107.34282
106.86466
106.39198
105.92295
105.46675
105.01575
104.57831
104.14825
103.72474
103.32835
110.8616
110.77193
110.6004
110.3516
110.03446
109.66161
109.24163
108.78302
108.29526
107.78628
107.26544
106.74749
106.22756
105.72265
105.22025
104.73131
104.25705
103.78406
103.33816
111.54498
111.45012
111.27095
111.01448
110.68424
110.29043
109.84394
109.35401
108.82742
108.2747
107.71099
107.14095
106.5665
106.01008
105.45161
104.90678
104.38412
103.86254
103.36059
112.32785
112.22858
112.03873
111.76567
111.41466
110.99085
110.50755
109.97865
109.40861
108.8122
108.19546
107.5676
106.93462
106.319
105.70058
105.09431
104.51517
103.93961
103.37499
113.16936
113.06435
112.86019
112.56398
112.18589
111.73133
111.21004
110.63547
110.02159
109.37026
108.69248
108.00698
107.31261
106.63351
105.95129
105.28254
104.64222
104.00842
103.38228
114.05097
113.9394
113.72291
113.40611
113.00293
112.51925
111.9656
111.34779
110.68564
109.97827
109.2409
108.49809
107.73879
106.99034
106.24685
105.5094
104.79894
104.09966
103.39825
114.96457
114.846
114.61841
114.2849
113.85533
113.34225
112.75024
112.08817
111.37412
110.60666
109.8053
108.99851
108.16432
107.34144
106.52468
105.71015
104.92218
104.14816
103.36397
115.91602
115.78981
115.54955
115.19905
114.74365
114.19513
113.56466
112.85431
112.08785
111.26332
110.39733
109.52242
108.61601
107.72007
106.82889
105.93557
105.06308
104.21346
103.34989
116.91482
116.78191
116.52875
116.16061
115.68105
115.09975
114.42847
113.67299
112.85534
111.96869
111.03859
110.09529
109.11008
108.12723
107.15286
106.16515
105.19803
104.25491
103.28731
117.93589
117.7967
117.52953
117.1428
116.63597
116.02175
115.30733
114.50094
113.62534
112.67811
111.67241
110.65093
109.58186
108.5072
107.43571
106.34983
105.28111
104.24423
103.18127
118.98196
118.83619
118.55542
118.14724
117.6159
116.9638
116.21097
115.35416
114.42157
113.41657
112.33867
111.24261
110.08945
108.91823
107.75912
106.57567
105.39452
104.25214
103.08335
120.05416
119.90183
119.60869
119.17966
118.62308
117.93977
117.1445
116.24452
115.25565
114.18706
113.0383
111.85581
110.61003
109.33831
108.07024
106.76108
105.45677
104.19032
102.89398
121.13398
120.97554
120.66985
120.22204
119.63699
118.92408
118.08482
117.13686
116.08682
114.95255
113.7182
112.44958
111.10631
109.72129
108.34232
106.92013
105.48082
104.08895
102.68873
122.22263
122.05857
121.74097
121.27395
120.66361
119.91553
119.03859
118.0374
116.92975
115.7278
114.41641
113.05946
111.62336
110.13404
108.63952
107.09358
105.52155
103.98962
102.44004
123.3221
123.15349
122.82567
122.3404
121.70639
120.92559
120.0094
118.9585
117.79457
116.52099
115.13405
113.68372
112.15008
110.53871
108.91846
107.23912
105.50046
103.80176
102.12049
124.42249
124.25053
123.9129
123.41067
122.7516
121.93792
120.98137
119.87834
118.6504
117.31011
115.831
114.28587
112.65082
110.90732
109.15546
107.34401
105.45122
103.5904
101.7564
125.51868
125.34442
124.99752
124.47772
123.79481
122.94552
121.94722
120.79504
119.49771
118.09155
116.52254
114.88482
113.14063
111.27283
109.39951
107.44206
105.39373
103.36363
101.36732
98.392106
96.643458
94.369977
91.562662
87.696177
82.731665
74.842065
69.69906
49.319803
95.97082
93.921202
91.252324
87.872286
83.360415
77.760809
68.708688
63.385572
40.885314
93.680593
91.139264
88.076982
84.243372
79.116915
72.875013
62.633129
57.178536
32.545225
91.530035
88.510128
84.92814
80.609289
74.951222
68.138488
56.635982
51.128714
24.363208
89.26162
86.005154
81.954126
77.047676
70.866155
63.581673
50.738238
45.307129
16.394937
86.996631
83.466672
79.11198
73.634004
66.877531
59.231458
44.950728
39.750991
8.7005296
84.993125
80.990896
76.334847
70.405942
63.01581
55.14802
39.285828
34.511784
1.3149957
83.11563
78.72468
73.670615
67.361394
59.263434
51.387678
33.779186
29.602886
-5.696051
81.167723
76.61077
71.213476
64.56048
55.58612
47.989657
28.473322
25.061361
-12.303935
79.294522
74.544706
68.917909
62.091612
52.013162
44.986018
23.418809
20.898683
-18.445471
77.749316
72.637203
66.662348
59.945038
48.593886
42.388409
18.669651
17.131
-24.085533
76.449386
71.075366
64.50395
58.106616
45.354438
40.222522
14.290731
13.756755
-29.154947
75.110616
69.853118
62.523625
56.620484
42.288929
38.449452
10.385618
10.757986
-33.594838
73.747164
68.805095
60.685778
55.513308
39.47838
37.003981
7.0340862
8.1384213
-37.357693
72.61292
67.939914
58.938816
54.737322
37.039158
35.833471
4.332686
5.853686
-40.364376
71.787651
67.352069
57.364728
54.168033
35.093399
34.842667
2.4050369
3.9316895
-42.64073
71.141729
66.99583
56.14272
53.690287
33.76714
33.957049
1.3394111
2.3559594
-44.181371
70.600886
66.738721
55.407738
53.204299
33.165307
33.111583
1.5140604
0.85270894
-45.014422
70.215366
66.446626
55.195427
52.67897
33.291729
32.183295
1.738666
0.65532404
-44.977271
70.097555
70.230213
70.533175
70.998185
71.638252
72.432591
73.357387
74.393463
75.566002
76.842457
78.183489
79.603723
81.112631
82.715238
84.424907
86.17794
87.958968
89.828993
91.744863
66.162293
66.009888
66.039295
66.270223
66.747386
67.492622
68.486838
69.66428
71.012511
72.508777
74.1232
75.855513
77.681948
79.600693
81.579038
83.570443
85.57923
87.599256
89.604056
55.421152
55.979451
56.786667
57.774826
58.906191
60.172844
61.581887
63.164947
64.936659
66.870578
68.953669
71.144327
73.373003
75.61382
77.844258
80.05077
82.23679
84.404969
86.577069
52.174473
51.854012
51.857349
52.245642
53.024347
54.167156
55.61644
57.319538
59.237059
61.343105
63.599401
65.980144
68.448057
70.976519
73.53955
76.086995
78.603482
81.05984
83.436617
34.049568
35.220536
36.635919
38.236205
40.031091
42.033621
44.264687
46.743088
49.4657
52.416255
55.549132
58.823282
62.172173
65.544377
68.868757
72.063282
75.082287
77.851237
80.377213
31.446643
31.163725
31.472242
32.391874
33.887352
35.900292
38.352697
41.166233
44.25832
47.571478
51.042203
54.627686
58.267574
61.913846
65.511562
68.959208
72.204943
75.109864
77.645556
2.747165
4.2782658
6.1741737
8.3940538
10.941821
13.839763
17.129603
20.838732
24.985161
29.55268
34.488815
39.72797
45.18109
50.73067
56.287707
61.635351
66.662273
71.11988
74.708923
0.43704431
1.0756036
2.4658639
4.6099219
7.4835461
11.05543
15.244696
19.96995
25.127662
30.649903
36.470109
42.508519
48.713683
54.916533
61.042995
66.81763
72.083168
76.54856
79.88568
-43.714203
-41.986669
-39.577644
-36.474799
-32.662987
-28.135175
-22.887751
-16.916644
-10.222157
-2.8235273
5.2504893
13.936536
23.150461
32.769729
42.580882
52.337943
61.582568
69.744506
76.066032
93.624143
95.465835
97.310102
99.19528
101.11925
103.05062
104.96829
106.86761
108.76714
110.67518
112.5673
114.41863
116.18784
117.81792
119.25676
120.46083
121.39092
122.01816
122.33089
91.590526
93.5756
95.581213
97.612235
99.656618
101.71678
103.81597
105.97465
108.19955
110.45936
112.70833
114.92255
117.04516
119.00608
120.76527
122.28119
123.49747
124.35334
124.79532
88.749957
90.89382
93.00505
95.127324
97.289708
99.494894
101.75875
104.1245
106.62893
109.24611
111.91027
114.57935
117.17512
119.5782
121.71558
123.54369
125.02228
126.09588
126.66844
85.734439
87.975873
90.145854
92.258717
94.352821
96.496334
98.717431
101.11652
103.72401
106.54235
109.53323
112.6457
115.77541
118.73603
121.36376
123.52087
125.14849
126.25499
126.81163
82.662585
84.761291
86.732399
88.581603
90.360603
92.147221
93.973411
95.958221
98.17598
100.82804
103.95558
107.4119
111.06177
114.64713
117.95402
120.82412
123.03195
124.50038
125.26068
79.737041
81.377832
82.607458
83.471603
84.24314
85.057172
86.030596
87.391181
89.324915
91.848079
95.025147
98.848836
103.23922
107.78273
111.98186
115.72821
118.61085
120.48831
121.42924
77.364725
78.55622
78.777803
78.455885
77.472969
76.144171
74.780141
74.105093
74.943848
77.426391
81.235103
86.035451
91.732159
97.665938
103.46037
108.56764
112.42582
114.95196
116.23683
82.321497
83.084916
82.538317
81.842885
80.822274
78.747793
75.341838
71.560394
69.555549
70.510898
74.484724
79.603603
85.771326
92.513072
98.844733
104.19134
108.16765
110.62926
111.69021
79.424043
80.000514
79.87932
81.699696
81.284761
79.537744
77.103894
74.568297
72.995787
73.430183
76.041439
80.632071
86.646363
93.219496
99.628287
105.08061
109.21062
112.06609
113.57671
122.33033
122.01647
121.38803
120.45664
119.25144
117.812
116.18181
114.4129
112.5624
110.67073
108.76214
106.86227
104.96354
103.04861
101.12374
99.201758
97.306255
95.459154
93.637136
124.79485
124.35192
123.49506
122.27777
120.761
119.00137
117.04053
114.91856
112.70502
110.45585
108.19472
105.9675
103.80602
101.70512
99.643117
97.594793
95.559844
93.553749
91.576019
126.66815
126.095
125.02061
123.54063
121.70982
119.5685
117.16098
114.56133
111.89009
109.22581
106.6085
104.10406
101.73894
99.476871
97.273139
95.113546
92.998489
90.897155
88.753535
126.8109
126.25282
125.14489
123.51552
121.35597
118.72561
115.76316
112.63326
109.5228
106.53568
103.71976
101.1127
98.713265
96.490124
94.345392
92.252969
90.141928
87.969994
85.726672
125.25981
124.49777
123.02736
120.81705
117.94383
114.63296
111.04324
107.39061
103.9341
100.80859
98.161733
95.94827
93.967254
92.143536
90.35838
88.57976
86.729696
84.75901
82.659095
121.42649
120.48005
118.59643
115.70729
111.95525
107.75144
103.20592
98.816718
94.996502
91.82321
89.305189
87.377332
86.022803
85.054993
84.244978
83.475833
82.613097
81.382634
79.739717
116.2349
114.94599
112.41495
108.55093
103.43773
97.639503
91.702117
86.001772
81.207659
77.404378
74.930614
74.104698
74.790014
76.159618
77.489401
78.473472
78.793992
78.566551
77.371068
111.68763
110.62159
108.15398
104.17202
98.820622
92.484805
85.743055
79.584268
74.473418
70.506513
69.5691
71.590593
75.381996
78.786485
80.857035
81.878338
82.567532
83.102124
82.334579
113.57515
112.06129
109.20243
105.06933
99.614206
93.204707
86.633507
80.624635
76.040322
73.436407
73.011222
74.593031
77.1345
79.569847
81.315089
81.722969
79.894722
80.026043
79.43896
91.768891
89.831259
87.92986
86.157401
84.441218
82.726316
81.095036
79.588463
78.181588
76.832922
75.530922
74.34999
73.331498
72.410747
71.605543
70.972653
70.514026
70.205519
70.077795
89.59956
87.594088
85.571757
83.567589
81.577583
79.594206
77.671294
75.849304
74.121056
72.497422
70.993369
69.644202
68.464736
67.470068
66.724566
66.245374
66.017128
65.996351
66.15179
86.567336
84.387106
82.226253
80.049594
77.841845
75.605627
73.364554
71.135455
68.942423
66.858843
64.922754
63.147497
61.56431
60.156229
58.887618
57.757804
56.775285
55.967752
55.41029
83.430284
81.055469
78.599317
76.080866
73.532253
70.969517
68.440085
65.970165
63.588299
61.331218
59.222789
57.304459
55.60189
54.152334
53.011117
52.234566
51.846909
51.84482
52.167998
80.37241
77.847596
75.07787
72.056955
68.861516
65.536062
62.162319
58.812072
55.536464
52.402535
49.45152
46.728076
44.248913
42.01819
40.016359
38.222159
36.623038
35.210563
34.041997
77.646357
75.108364
72.201357
68.953593
65.50419
61.905113
58.257049
54.615772
51.029131
47.557517
44.243724
41.151405
38.337883
35.886144
33.874456
32.380519
31.463088
31.156567
31.441334
74.710926
71.116317
66.655911
61.625458
56.275489
50.716935
45.16547
39.711522
34.47137
29.534541
24.966327
20.819334
17.110389
13.821288
10.924345
8.3773481
6.1585333
4.2643913
2.7362445
79.89319
76.548578
72.07927
66.808744
61.03143
54.902239
48.697322
42.490677
36.450723
30.629913
25.107491
19.949948
15.224984
11.036213
7.4653103
4.5930124
2.4502888
1.0614271
0.42445045
76.065542
69.734441
61.564939
52.315862
42.555757
32.742655
23.12257
13.908122
5.221776
-2.8524382
-10.251238
-16.945543
-22.91631
-28.162641
-32.689204
-36.49937
-39.600509
-42.008083
-43.734286
70.211314
70.586009
71.122197
71.801288
72.633826
73.756939
75.133518
76.476524
77.774072
79.338981
81.216583
83.14752
85.032671
87.031617
89.27641
91.552723
93.682083
95.9598
98.384411
66.430517
66.724436
66.991566
67.356035
67.945745
68.817049
69.866908
71.08994
72.663789
74.570775
76.634853
78.758418
81.012492
83.480537
86.02504
88.51335
91.13494
93.927032
96.633353
55.192522
55.407371
56.146578
57.374197
58.949374
60.697321
62.537355
64.523347
66.682851
68.934417
71.234376
73.691634
76.346723
79.127933
81.966409
84.925143
88.083777
91.256017
94.361302
52.67366
53.198856
53.688057
54.169376
54.739286
55.518769
56.631822
58.119812
59.957954
62.106939
64.57634
67.374802
70.420319
73.647763
77.054547
80.616343
84.252931
87.873335
91.567686
33.286811
33.165708
33.771154
35.098469
37.047208
39.490488
42.301388
45.36694
48.609441
52.029067
55.599725
59.2775
63.029669
66.888324
70.876212
74.962702
79.126059
83.367727
87.707607
32.181029
33.111759
33.957098
34.843251
35.835338
37.007155
38.45439
40.229627
42.396752
44.994884
48.00053
51.399878
55.158932
59.242945
63.59439
68.150875
72.887184
77.774236
82.746008
1.7322317
1.5130111
1.3373724
2.4051779
4.3351774
7.0393844
10.393507
14.30075
18.681091
23.431798
28.487716
33.79369
39.301018
44.967358
50.755181
56.653396
62.652173
68.729522
74.864247
0.64886909
0.84188812
2.3502754
3.9288143
5.8532718
8.1401666
10.7616
13.762221
17.138224
20.907698
25.071853
29.614661
34.525348
39.766064
45.323539
51.146977
57.198827
63.407411
69.723387
-45.001838
-45.033208
-44.194643
-42.649383
-40.369183
-37.359012
-33.592703
-29.149919
-24.077935
-18.435443
-12.291528
-5.6815472
1.3315448
8.7196131
16.416306
24.387139
32.571845
40.915015
49.352204
100.66964
102.91712
105.24701
107.53518
109.69334
111.79368
113.89147
115.81335
117.63736
119.374
120.93379
122.3735
123.64164
124.75251
125.69042
126.44729
127.02516
127.4124
127.61125
99.295396
102.06735
104.81179
107.42393
109.97363
112.52614
114.96366
117.21042
119.4006
121.43998
123.27989
124.98254
126.4782
127.79413
128.89576
129.79369
130.47267
130.92922
131.16244
97.584653
100.84344
103.96725
107.02446
110.0836
113.06134
115.84771
118.53327
121.12556
123.47472
125.65775
127.66348
129.42345
130.97006
132.27199
133.32733
134.12329
134.65929
134.92898
95.350997
99.059649
102.68444
106.31837
109.89294
113.29655
116.54854
119.72526
122.70351
125.42937
128.00948
130.32856
132.38166
134.1956
135.71174
136.94587
137.87647
138.5032
138.81556
92.063666
96.354441
100.634
104.88516
109.00609
112.97256
116.82716
120.5296
123.95172
127.16888
130.18842
132.85841
135.25299
137.37359
139.13021
140.56103
141.65017
142.37438
142.73824
87.742605
92.739289
97.740409
102.66277
107.44442
112.09811
116.59568
120.84849
124.83464
128.59767
132.05757
135.1369
137.93499
140.38178
142.41274
144.07951
145.3389
146.17638
146.60211
81.027865
87.157418
93.174901
99.013246
104.65863
110.10466
115.30401
120.21318
124.85445
129.21308
133.20046
136.80611
140.07173
142.90954
145.28311
147.22491
148.69321
149.6699
150.1648
76.089355
82.470391
88.828953
95.138911
101.35787
107.42428
113.26636
118.86819
124.17263
129.12862
133.6758
137.82086
141.52168
144.73188
147.44604
149.67083
151.35943
152.48075
153.04725
57.806104
66.217989
74.536472
82.703009
90.65548
98.349514
105.74477
112.77666
119.41167
125.57128
131.24187
136.38505
140.93596
144.85501
148.14502
150.7866
152.77044
154.08872
154.75461
127.61821
127.43182
127.05506
126.4865
125.73735
124.80572
123.701
122.43842
121.00235
119.44583
117.71137
115.88642
113.9642
111.86703
109.75724
107.59797
105.29603
102.95373
100.70453
131.16837
130.94651
130.50014
129.83042
128.94031
127.84458
126.53302
125.04051
123.3384
121.49775
119.45848
117.26614
115.01328
112.58
110.01741
107.4581
104.84542
102.08024
99.309953
134.93136
134.66636
134.13486
133.34331
132.29216
130.99318
129.4479
127.68841
125.67991
123.49499
121.14302
118.55397
115.86198
113.07689
110.10102
107.02611
103.97705
100.84592
97.577582
138.81507
138.50177
137.8741
136.94246
135.70726
134.18954
132.37315
130.31913
127.99593
125.41701
122.68877
119.71612
116.53977
113.28117
109.89103
106.30599
102.67236
99.057837
95.33906
142.73644
142.36896
141.6413
140.54864
139.1149
137.35586
135.23138
132.83697
130.16312
127.14712
123.92887
120.50803
116.81226
112.94998
108.99229
104.87201
100.61708
96.345611
92.053535
146.60007
146.1702
145.32903
144.06569
142.39578
140.36309
137.91178
135.11422
132.03212
128.57356
124.81101
120.82186
116.57532
112.07533
107.42289
102.64608
97.722078
92.723484
87.729487
150.1624
149.66245
148.68126
147.20858
145.26229
142.88635
140.04466
136.77748
133.17015
129.18176
124.82421
120.18085
115.27341
110.07476
104.62763
98.98478
93.147641
87.130897
81.004038
153.04431
152.47172
151.34475
149.65115
147.42088
144.70304
141.48937
137.78529
133.63844
129.08926
124.13348
118.82875
113.22722
107.38655
101.32195
95.104563
88.797487
82.441161
76.06263
154.75094
154.07817
152.75291
150.76289
148.11573
144.81942
140.89602
136.34181
131.19508
125.52235
119.36246
112.72708
105.6955
98.301751
90.609395
82.659087
74.495122
66.179686
57.770356
)
;

boundaryField
{
    back
    {
        type            empty;
    }
    top
    {
        type            zeroGradient;
    }
    front
    {
        type            empty;
    }
    outlet
    {
        type            fixedValue;
        value           uniform 100;
    }
    bottom
    {
        type            zeroGradient;
    }
    inlet
    {
        type            zeroGradient;
    }
    wall
    {
        type            zeroGradient;
    }
}


// ************************************************************************* //
